time	IC1
0.000000000000000e+00	-9.999990e-04
3.896785733689156e-05	-8.424455e-04
7.793571467378312e-05	-6.905458e-04
1.169035720106747e-04	-5.442998e-04
1.558714293475662e-04	-4.037076e-04
1.948392866844578e-04	-2.687691e-04
2.338071440213494e-04	-1.394844e-04
2.727750013582408e-04	-1.585341e-05
3.020718763582409e-04	7.383042e-05
3.313687513582409e-04	1.606097e-04
3.606656263582409e-04	2.445383e-04
3.899625013582409e-04	3.256684e-04
4.192593763582410e-04	4.040509e-04
4.485562513582410e-04	4.797355e-04
5.071500013582410e-04	6.232028e-04
5.657437513582411e-04	7.564420e-04
6.243375013582411e-04	8.798068e-04
7.122281263582412e-04	1.047071e-03
8.001187513582413e-04	1.193941e-03
8.880093763582414e-04	1.321417e-03
9.759000013582415e-04	1.430436e-03
1.063790626358242e-03	1.521879e-03
1.160051787072527e-03	1.600546e-03
1.256312947786813e-03	1.662505e-03
1.352574108501099e-03	1.707755e-03
1.448835269215385e-03	1.736295e-03
1.545096429929671e-03	1.748127e-03
1.641357590643956e-03	1.743250e-03
1.737618751358242e-03	1.721664e-03
1.846435715643956e-03	1.680562e-03
1.955252679929670e-03	1.625887e-03
2.064069644215384e-03	1.557640e-03
2.172886608501097e-03	1.475821e-03
2.281703572786811e-03	1.380430e-03
2.390520537072525e-03	1.271466e-03
2.499337501358239e-03	1.148929e-03
2.583042858501096e-03	1.048864e-03
2.666748215643952e-03	9.446890e-04
2.750453572786808e-03	8.364035e-04
2.834158929929665e-03	7.240078e-04
2.917864287072522e-03	6.075018e-04
3.001569644215378e-03	4.868856e-04
3.085275001358235e-03	3.621591e-04
3.118757144215378e-03	3.119564e-04
3.152239287072520e-03	2.614647e-04
3.185721429929663e-03	2.106842e-04
3.219203572786805e-03	1.596148e-04
3.252685715643948e-03	1.082565e-04
3.286167858501091e-03	5.660930e-05
3.319650001358233e-03	4.673230e-06
3.378243751358233e-03	-8.651593e-05
3.436837501358233e-03	-1.784957e-04
3.495431251358232e-03	-2.703572e-04
3.554025001358232e-03	-3.621004e-04
3.612618751358231e-03	-4.537255e-04
3.671212501358231e-03	-5.452322e-04
3.729806251358231e-03	-6.366208e-04
3.788400001358230e-03	-7.278911e-04
3.897216965643945e-03	-8.969828e-04
4.006033929929660e-03	-1.060882e-03
4.114850894215375e-03	-1.219589e-03
4.223667858501090e-03	-1.373103e-03
4.332484822786805e-03	-1.521424e-03
4.441301787072520e-03	-1.664553e-03
4.550118751358235e-03	-1.802490e-03
4.608712501358235e-03	-1.872715e-03
4.667306251358236e-03	-1.940317e-03
4.725900001358236e-03	-2.005298e-03
4.784493751358237e-03	-2.067657e-03
4.843087501358237e-03	-2.127394e-03
4.901681251358238e-03	-2.184509e-03
4.960275001358238e-03	-2.239003e-03
4.989571876358239e-03	-2.265066e-03
5.018868751358239e-03	-2.290366e-03
5.048165626358239e-03	-2.314902e-03
5.077462501358239e-03	-2.338675e-03
5.106759376358239e-03	-2.361684e-03
5.136056251358240e-03	-2.383930e-03
5.165353126358240e-03	-2.405413e-03
5.249058483501098e-03	-2.462638e-03
5.332763840643955e-03	-2.512899e-03
5.416469197786813e-03	-2.556196e-03
5.500174554929672e-03	-2.592529e-03
5.583879912072529e-03	-2.621897e-03
5.667585269215387e-03	-2.644301e-03
5.751290626358245e-03	-2.659740e-03
5.897775001358246e-03	-2.668834e-03
5.943812947786817e-03	-2.667069e-03
5.989850894215390e-03	-2.663108e-03
6.035888840643961e-03	-2.656952e-03
6.081926787072534e-03	-2.648601e-03
6.127964733501105e-03	-2.638055e-03
6.174002679929677e-03	-2.625313e-03
6.220040626358249e-03	-2.610377e-03
6.324672322786821e-03	-2.567708e-03
6.429304019215393e-03	-2.514719e-03
6.533935715643965e-03	-2.451410e-03
6.638567412072538e-03	-2.377781e-03
6.743199108501110e-03	-2.293832e-03
6.847830804929683e-03	-2.199563e-03
6.952462501358255e-03	-2.094974e-03
7.078020537072542e-03	-1.956076e-03
7.203578572786829e-03	-1.807542e-03
7.329136608501115e-03	-1.649373e-03
7.454694644215402e-03	-1.481568e-03
7.580252679929689e-03	-1.304127e-03
7.705810715643975e-03	-1.117050e-03
7.831368751358262e-03	-9.203383e-04
7.898333037072547e-03	-8.139677e-04
7.965297322786830e-03	-7.066427e-04
8.032261608501115e-03	-5.983633e-04
8.099225894215399e-03	-4.891294e-04
8.166190179929684e-03	-3.789412e-04
8.233154465643967e-03	-2.677985e-04
8.300118751358252e-03	-1.557014e-04
8.505196876358248e-03	1.869470e-04
8.580531697786817e-03	3.130167e-04
8.655866519215388e-03	4.376921e-04
8.731201340643957e-03	5.609734e-04
8.806536162072527e-03	6.828604e-04
8.881870983501097e-03	8.033533e-04
8.957205804929667e-03	9.224519e-04
9.032540626358236e-03	1.040156e-03
9.128801787072521e-03	1.187479e-03
9.225062947786803e-03	1.329219e-03
9.321324108501087e-03	1.465378e-03
9.417585269215371e-03	1.595954e-03
9.513846429929656e-03	1.720950e-03
9.610107590643938e-03	1.840363e-03
9.706368751358222e-03	1.954194e-03
9.748221429929651e-03	2.001043e-03
9.790074108501077e-03	2.046433e-03
9.831926787072506e-03	2.090363e-03
9.873779465643932e-03	2.132833e-03
9.915632144215361e-03	2.173844e-03
9.957484822786787e-03	2.213395e-03
9.999337501358216e-03	2.251486e-03
1.004537544778679e-02	2.291581e-03
1.009141339421536e-02	2.329683e-03
1.013745134064393e-02	2.365793e-03
1.018348928707250e-02	2.399910e-03
1.022952723350107e-02	2.432035e-03
1.027556517992964e-02	2.462168e-03
1.032160312635821e-02	2.490308e-03
1.039275267992964e-02	2.529714e-03
1.046390223350106e-02	2.563924e-03
1.053505178707249e-02	2.592938e-03
1.060620134064392e-02	2.616757e-03
1.067735089421534e-02	2.635381e-03
1.074850044778677e-02	2.648808e-03
1.081965000135820e-02	2.657041e-03
1.085313214421534e-02	2.659026e-03
1.088661428707248e-02	2.659836e-03
1.092009642992963e-02	2.659469e-03
1.095357857278677e-02	2.657926e-03
1.098706071564391e-02	2.655207e-03
1.102054285850105e-02	2.651311e-03
1.105402500135819e-02	2.646240e-03
1.113773035850105e-02	2.628199e-03
1.122143571564390e-02	2.603120e-03
1.130514107278676e-02	2.571004e-03
1.138884642992962e-02	2.531850e-03
1.147255178707247e-02	2.485659e-03
1.155625714421533e-02	2.432430e-03
1.163996250135818e-02	2.372164e-03
1.177807634064389e-02	2.256060e-03
1.191619017992960e-02	2.125744e-03
1.205430401921532e-02	1.981217e-03
1.219241785850103e-02	1.822479e-03
1.233053169778674e-02	1.649529e-03
1.246864553707245e-02	1.462368e-03
1.260675937635816e-02	1.260997e-03
1.269465000135816e-02	1.128749e-03
1.278254062635816e-02	9.941073e-04
1.287043125135815e-02	8.570722e-04
1.295832187635815e-02	7.176435e-04
1.304621250135815e-02	5.758212e-04
1.313410312635815e-02	4.316052e-04
1.322199375135815e-02	2.849957e-04
1.339777500135814e-02	-8.234267e-06
1.344381294778671e-02	-8.532180e-05
1.348985089421528e-02	-1.621778e-04
1.353588884064385e-02	-2.388022e-04
1.358192678707243e-02	-3.151950e-04
1.362796473350100e-02	-3.913563e-04
1.367400267992957e-02	-4.672861e-04
1.372004062635814e-02	-5.429842e-04
1.382467232278671e-02	-7.146035e-04
1.392930401921528e-02	-8.813956e-04
1.403393571564384e-02	-1.043360e-03
1.413856741207241e-02	-1.200498e-03
1.424319910850098e-02	-1.352808e-03
1.434783080492955e-02	-1.500292e-03
1.445246250135812e-02	-1.642948e-03
1.451942678707241e-02	-1.729829e-03
1.458639107278669e-02	-1.813297e-03
1.465335535850097e-02	-1.893352e-03
1.472031964421526e-02	-1.969994e-03
1.478728392992954e-02	-2.043222e-03
1.485424821564383e-02	-2.113037e-03
1.492121250135811e-02	-2.179438e-03
1.495469464421525e-02	-2.211065e-03
1.498817678707240e-02	-2.241681e-03
1.502165892992954e-02	-2.271286e-03
1.505514107278668e-02	-2.299879e-03
1.508862321564382e-02	-2.327462e-03
1.512210535850096e-02	-2.354033e-03
1.515558750135811e-02	-2.379593e-03
1.523929285850096e-02	-2.439073e-03
1.532299821564382e-02	-2.491504e-03
1.540670357278667e-02	-2.536884e-03
1.549040892992953e-02	-2.575214e-03
1.557411428707239e-02	-2.606494e-03
1.565781964421524e-02	-2.630725e-03
1.574152500135810e-02	-2.647905e-03
1.588800937635811e-02	-2.659907e-03
1.592986205492954e-02	-2.659191e-03
1.597171473350097e-02	-2.656644e-03
1.601356741207240e-02	-2.652266e-03
1.605542009064383e-02	-2.646058e-03
1.609727276921526e-02	-2.638019e-03
1.613912544778669e-02	-2.628150e-03
1.618097812635812e-02	-2.616450e-03
1.628142455492955e-02	-2.580428e-03
1.638187098350098e-02	-2.534700e-03
1.648231741207241e-02	-2.479267e-03
1.658276384064385e-02	-2.414128e-03
1.668321026921528e-02	-2.339284e-03
1.678365669778671e-02	-2.254735e-03
1.688410312635814e-02	-2.160480e-03
1.700966116207243e-02	-2.029012e-03
1.713521919778672e-02	-1.887314e-03
1.726077723350102e-02	-1.735386e-03
1.738633526921531e-02	-1.573228e-03
1.751189330492960e-02	-1.400841e-03
1.763745134064389e-02	-1.218224e-03
1.776300937635818e-02	-1.025378e-03
1.783834419778675e-02	-9.074169e-04
1.791367901921533e-02	-7.881002e-04
1.798901384064390e-02	-6.674280e-04
1.806434866207247e-02	-5.454002e-04
1.813968348350105e-02	-4.220170e-04
1.821501830492962e-02	-2.972782e-04
1.829035312635820e-02	-1.711839e-04
1.832383526921534e-02	-1.152464e-04
1.835731741207249e-02	-5.931967e-05
1.839079955492963e-02	-3.403830e-06
1.842428169778677e-02	5.250115e-05
1.845776384064392e-02	1.083953e-04
1.849124598350106e-02	1.642785e-04
1.852472812635821e-02	2.201509e-04
1.860424821564392e-02	3.530701e-04
1.868376830492964e-02	4.843016e-04
1.876328839421536e-02	6.138456e-04
1.884280848350108e-02	7.417019e-04
1.892232857278679e-02	8.678706e-04
1.900184866207251e-02	9.923518e-04
1.908136875135823e-02	1.115145e-03
1.917762991207252e-02	1.260272e-03
1.927389107278681e-02	1.399578e-03
1.937015223350110e-02	1.533066e-03
1.946641339421538e-02	1.660733e-03
1.956267455492967e-02	1.782582e-03
1.965893571564396e-02	1.898610e-03
1.975519687635825e-02	2.008819e-03
1.978867901921540e-02	2.045089e-03
1.982216116207254e-02	2.080415e-03
1.985564330492968e-02	2.114798e-03
1.988912544778683e-02	2.148239e-03
1.992260759064397e-02	2.180736e-03
1.995608973350112e-02	2.212291e-03
1.998957187635826e-02	2.242902e-03
2.002723928707255e-02	2.276154e-03
2.006490669778684e-02	2.308089e-03
2.010257410850112e-02	2.338705e-03
2.014024151921541e-02	2.368005e-03
2.017790892992970e-02	2.395987e-03
2.021557634064398e-02	2.422652e-03
2.025324375135827e-02	2.447999e-03
2.032857857278685e-02	2.494665e-03
2.040391339421542e-02	2.535553e-03
2.047924821564399e-02	2.570661e-03
2.055458303707257e-02	2.599990e-03
2.062991785850114e-02	2.623541e-03
2.070525267992972e-02	2.641312e-03
2.078058750135829e-02	2.653304e-03
2.081406964421544e-02	2.656661e-03
2.084755178707258e-02	2.658841e-03
2.088103392992972e-02	2.659845e-03
2.091451607278687e-02	2.659672e-03
2.094799821564401e-02	2.658322e-03
2.098148035850116e-02	2.655796e-03
2.101496250135830e-02	2.652094e-03
2.109448259064402e-02	2.638413e-03
2.117400267992973e-02	2.618321e-03
2.125352276921545e-02	2.591816e-03
2.133304285850117e-02	2.558898e-03
2.141256294778689e-02	2.519568e-03
2.149208303707260e-02	2.473826e-03
2.157160312635832e-02	2.421672e-03
2.170553169778690e-02	2.318135e-03
2.183946026921547e-02	2.200566e-03
2.197338884064405e-02	2.068966e-03
2.210731741207263e-02	1.923334e-03
2.224124598350120e-02	1.763670e-03
2.237517455492978e-02	1.589975e-03
2.250910312635836e-02	1.402248e-03
2.260117901921550e-02	1.268018e-03
2.269325491207265e-02	1.130724e-03
2.278533080492980e-02	9.903661e-04
2.287740669778694e-02	8.469440e-04
2.296948259064409e-02	7.004578e-04
2.306155848350123e-02	5.509076e-04
2.315363437635838e-02	3.982934e-04
2.318711651921553e-02	3.428207e-04
2.322059866207267e-02	2.872579e-04
2.325408080492981e-02	2.316049e-04
2.328756294778696e-02	1.758618e-04
2.332104509064410e-02	1.200286e-04
2.335452723350125e-02	6.410519e-05
2.338800937635839e-02	8.091700e-06
2.342986205492982e-02	-6.197059e-05
2.347171473350125e-02	-1.318695e-04
2.351356741207268e-02	-2.016051e-04
2.355542009064411e-02	-2.711774e-04
2.359727276921554e-02	-3.405863e-04
2.363912544778697e-02	-4.098318e-04
2.368097812635840e-02	-4.789140e-04
2.378142455492983e-02	-6.445325e-04
2.388187098350127e-02	-8.060256e-04
2.398231741207270e-02	-9.633933e-04
2.408276384064413e-02	-1.116635e-03
2.418321026921556e-02	-1.265752e-03
2.428365669778700e-02	-1.410744e-03
2.438410312635843e-02	-1.551609e-03
2.445943794778700e-02	-1.652605e-03
2.453477276921558e-02	-1.749384e-03
2.461010759064415e-02	-1.841948e-03
2.468544241207273e-02	-1.930295e-03
2.476077723350130e-02	-2.014426e-03
2.483611205492987e-02	-2.094341e-03
2.491144687635845e-02	-2.170040e-03
2.499933750135845e-02	-2.251634e-03
2.504537544778702e-02	-2.291722e-03
2.509141339421560e-02	-2.329818e-03
2.513745134064417e-02	-2.365922e-03
2.518348928707274e-02	-2.400033e-03
2.522952723350132e-02	-2.432153e-03
2.527556517992989e-02	-2.462280e-03
2.532160312635846e-02	-2.490415e-03
2.539275267992989e-02	-2.529813e-03
2.546390223350133e-02	-2.564016e-03
2.553505178707276e-02	-2.593025e-03
2.560620134064419e-02	-2.616838e-03
2.567735089421562e-02	-2.635455e-03
2.574850044778705e-02	-2.648878e-03
2.581965000135848e-02	-2.657106e-03
2.585313214421563e-02	-2.659089e-03
2.588661428707277e-02	-2.659897e-03
2.592009642992991e-02	-2.659528e-03
2.595357857278706e-02	-2.657983e-03
2.598706071564420e-02	-2.655262e-03
2.602054285850135e-02	-2.651365e-03
2.605402500135849e-02	-2.646291e-03
2.613773035850135e-02	-2.628246e-03
2.622143571564421e-02	-2.603164e-03
2.630514107278707e-02	-2.571044e-03
2.638884642992993e-02	-2.531887e-03
2.647255178707279e-02	-2.485693e-03
2.655625714421565e-02	-2.432462e-03
2.663996250135851e-02	-2.372193e-03
2.677807634064423e-02	-2.256085e-03
2.691619017992995e-02	-2.125766e-03
2.705430401921567e-02	-1.981236e-03
2.719241785850139e-02	-1.822495e-03
2.733053169778711e-02	-1.649543e-03
2.746864553707283e-02	-1.462381e-03
2.760675937635855e-02	-1.261008e-03
2.769465000135855e-02	-1.128759e-03
2.778254062635856e-02	-9.941164e-04
2.787043125135856e-02	-8.570805e-04
2.795832187635856e-02	-7.176511e-04
2.804621250135857e-02	-5.758281e-04
2.813410312635857e-02	-4.316116e-04
2.822199375135857e-02	-2.850015e-04
2.839777500135858e-02	8.229331e-06
2.844381294778715e-02	8.531709e-05
2.848985089421573e-02	1.621733e-04
2.853588884064430e-02	2.387979e-04
2.858192678707287e-02	3.151909e-04
2.862796473350145e-02	3.913524e-04
2.867400267993002e-02	4.672823e-04
2.872004062635859e-02	5.429806e-04
2.882467232278717e-02	7.146002e-04
2.892930401921574e-02	8.813926e-04
2.903393571564432e-02	1.043358e-03
2.913856741207289e-02	1.200496e-03
2.924319910850147e-02	1.352806e-03
2.934783080493004e-02	1.500290e-03
2.945246250135862e-02	1.642946e-03
2.948175937635862e-02	1.681172e-03
2.954453839421577e-02	1.761433e-03
2.960731741207291e-02	1.838667e-03
2.967009642993006e-02	1.912875e-03
2.973287544778720e-02	1.984056e-03
2.979565446564435e-02	2.052210e-03
2.985843348350149e-02	2.117337e-03
2.992121250135864e-02	2.179437e-03
2.997980625135864e-02	2.234145e-03
3.000000000000000e-02	2.252413e-03
