time	Vout
0.000000000000000e+00	0.000000e+00
2.742857239874347e-06	1.495126e-05
5.485714479748694e-06	5.903418e-05
8.228571719623041e-06	1.322487e-04
1.097142895949739e-05	2.345950e-04
1.371428619937173e-05	3.660728e-04
1.645714343924608e-05	5.266824e-04
1.920000067912042e-05	7.164236e-04
3.840000135824084e-05	2.707585e-03
6.769687635824084e-05	7.659153e-03
9.699375135824084e-05	1.490327e-02
1.262906263582408e-04	2.459044e-02
1.555875013582408e-04	3.664669e-02
1.848843763582408e-04	5.099928e-02
2.141812513582408e-04	6.757671e-02
2.434781263582408e-04	8.630859e-02
2.727750013582408e-04	1.071257e-01
3.020718763582409e-04	1.299600e-01
3.313687513582409e-04	1.547444e-01
3.606656263582409e-04	1.814130e-01
3.899625013582409e-04	2.099007e-01
4.192593763582410e-04	2.401436e-01
4.485562513582410e-04	2.720788e-01
4.778531263582410e-04	3.056443e-01
5.364468763582411e-04	3.774222e-01
5.950406263582411e-04	4.549994e-01
6.536343763582412e-04	5.379116e-01
7.415250013582413e-04	6.712995e-01
8.126745549296699e-04	7.880452e-01
8.838241085010986e-04	9.085338e-01
9.549736620725272e-04	1.032765e+00
1.026123215643956e-03	1.160740e+00
1.097272769215385e-03	1.292458e+00
1.168422322786813e-03	1.427918e+00
1.239571876358242e-03	1.567122e+00
1.344203572786813e-03	1.775990e+00
1.448835269215385e-03	1.981987e+00
1.553466965643956e-03	2.185115e+00
1.658098662072528e-03	2.385372e+00
1.762730358501099e-03	2.582760e+00
1.867362054929671e-03	2.777278e+00
1.971993751358242e-03	2.968926e+00
2.080810715643956e-03	3.158494e+00
2.189627679929669e-03	3.335007e+00
2.298444644215383e-03	3.498465e+00
2.407261608501097e-03	3.648868e+00
2.516078572786810e-03	3.786216e+00
2.624895537072524e-03	3.910509e+00
2.733712501358237e-03	4.021748e+00
2.804862054929665e-03	4.084319e+00
2.876011608501094e-03	4.139309e+00
2.947161162072521e-03	4.186718e+00
3.018310715643950e-03	4.226547e+00
3.089460269215378e-03	4.258795e+00
3.160609822786806e-03	4.283462e+00
3.231759376358234e-03	4.300549e+00
3.319650001358233e-03	4.310254e+00
3.348946876358233e-03	4.310768e+00
3.390799554929662e-03	4.309135e+00
3.432652233501090e-03	4.304703e+00
3.474504912072518e-03	4.297472e+00
3.516357590643946e-03	4.287442e+00
3.558210269215375e-03	4.274613e+00
3.600062947786803e-03	4.258985e+00
3.641915626358231e-03	4.240558e+00
3.738176787072517e-03	4.186934e+00
3.834437947786803e-03	4.119317e+00
3.930699108501089e-03	4.037709e+00
4.026960269215375e-03	3.942108e+00
4.123221429929661e-03	3.832516e+00
4.219482590643947e-03	3.708932e+00
4.315743751358233e-03	3.571357e+00
4.395263840643948e-03	3.447945e+00
4.474783929929663e-03	3.317002e+00
4.554304019215378e-03	3.178529e+00
4.633824108501093e-03	3.032525e+00
4.713344197786808e-03	2.878991e+00
4.792864287072523e-03	2.717926e+00
4.872384376358238e-03	2.549330e+00
4.910051787072524e-03	2.467584e+00
4.947719197786809e-03	2.384604e+00
4.985386608501096e-03	2.300390e+00
5.023054019215382e-03	2.214942e+00
5.060721429929668e-03	2.128261e+00
5.098388840643953e-03	2.040345e+00
5.136056251358240e-03	1.951195e+00
5.215576340643954e-03	1.758561e+00
5.295096429929670e-03	1.562869e+00
5.374616519215385e-03	1.364122e+00
5.454136608501099e-03	1.162318e+00
5.533656697786815e-03	9.574572e-01
5.613176787072530e-03	7.495402e-01
5.692696876358244e-03	5.385668e-01
5.897775001358246e-03	-6.914175e-03
5.943812947786817e-03	-1.298766e-01
5.989850894215390e-03	-2.524592e-01
6.035888840643961e-03	-3.746622e-01
6.081926787072534e-03	-4.964854e-01
6.127964733501105e-03	-6.179289e-01
6.174002679929677e-03	-7.389927e-01
6.220040626358249e-03	-8.596767e-01
6.324672322786821e-03	-1.133246e+00
6.429304019215393e-03	-1.399098e+00
6.533935715643965e-03	-1.657233e+00
6.638567412072538e-03	-1.907651e+00
6.743199108501110e-03	-2.150352e+00
6.847830804929683e-03	-2.385335e+00
6.952462501358255e-03	-2.612602e+00
7.078020537072542e-03	-2.870275e+00
7.203578572786829e-03	-3.106774e+00
7.329136608501115e-03	-3.322099e+00
7.454694644215402e-03	-3.516250e+00
7.580252679929689e-03	-3.689228e+00
7.705810715643975e-03	-3.841032e+00
7.831368751358262e-03	-3.971662e+00
7.898333037072547e-03	-4.029902e+00
7.965297322786830e-03	-4.080818e+00
8.032261608501115e-03	-4.124409e+00
8.099225894215399e-03	-4.160676e+00
8.166190179929684e-03	-4.189618e+00
8.233154465643967e-03	-4.211236e+00
8.300118751358252e-03	-4.225530e+00
8.329415626358251e-03	-4.229367e+00
8.358712501358251e-03	-4.231771e+00
8.388009376358250e-03	-4.232740e+00
8.417306251358250e-03	-4.232275e+00
8.446603126358249e-03	-4.230376e+00
8.475900001358248e-03	-4.227042e+00
8.505196876358248e-03	-4.222274e+00
8.580531697786817e-03	-4.203211e+00
8.655866519215388e-03	-4.174948e+00
8.731201340643957e-03	-4.137487e+00
8.806536162072527e-03	-4.090825e+00
8.881870983501097e-03	-4.034965e+00
8.957205804929667e-03	-3.969905e+00
9.032540626358236e-03	-3.895646e+00
9.128801787072521e-03	-3.787155e+00
9.225062947786803e-03	-3.666055e+00
9.321324108501087e-03	-3.532346e+00
9.417585269215371e-03	-3.386028e+00
9.513846429929656e-03	-3.227102e+00
9.610107590643938e-03	-3.055567e+00
9.706368751358222e-03	-2.871423e+00
9.748221429929651e-03	-2.788500e+00
9.790074108501077e-03	-2.703798e+00
9.831926787072506e-03	-2.617318e+00
9.873779465643932e-03	-2.529059e+00
9.915632144215361e-03	-2.439022e+00
9.957484822786787e-03	-2.347206e+00
9.999337501358216e-03	-2.253613e+00
1.004537544778679e-02	-2.148803e+00
1.009141339421536e-02	-2.042422e+00
1.013745134064393e-02	-1.934470e+00
1.018348928707250e-02	-1.824945e+00
1.022952723350107e-02	-1.713849e+00
1.027556517992964e-02	-1.601181e+00
1.032160312635821e-02	-1.486941e+00
1.039275267992964e-02	-1.307412e+00
1.046390223350106e-02	-1.126185e+00
1.053505178707249e-02	-9.432613e-01
1.060620134064392e-02	-7.586396e-01
1.067735089421534e-02	-5.723205e-01
1.074850044778677e-02	-3.843038e-01
1.081965000135820e-02	-1.945896e-01
1.085313214421534e-02	-1.054930e-01
1.088661428707248e-02	-1.644809e-02
1.092009642992963e-02	7.254510e-02
1.095357857278677e-02	1.614866e-01
1.098706071564391e-02	2.503764e-01
1.102054285850105e-02	3.392145e-01
1.105402500135819e-02	4.280009e-01
1.113773035850105e-02	6.502905e-01
1.122143571564390e-02	8.692948e-01
1.130514107278676e-02	1.085014e+00
1.138884642992962e-02	1.297448e+00
1.147255178707247e-02	1.506596e+00
1.155625714421533e-02	1.712459e+00
1.163996250135818e-02	1.915037e+00
1.177807634064389e-02	2.240144e+00
1.191619017992960e-02	2.543181e+00
1.205430401921532e-02	2.824150e+00
1.219241785850103e-02	3.083050e+00
1.233053169778674e-02	3.319880e+00
1.246864553707245e-02	3.534641e+00
1.260675937635816e-02	3.727333e+00
1.269465000135816e-02	3.832990e+00
1.278254062635816e-02	3.926360e+00
1.287043125135815e-02	4.007443e+00
1.295832187635815e-02	4.076240e+00
1.304621250135815e-02	4.132749e+00
1.313410312635815e-02	4.176971e+00
1.322199375135815e-02	4.208907e+00
1.339777500135814e-02	4.233256e+00
1.344381294778671e-02	4.231083e+00
1.348985089421528e-02	4.225390e+00
1.353588884064385e-02	4.216178e+00
1.358192678707243e-02	4.203446e+00
1.362796473350100e-02	4.187195e+00
1.367400267992957e-02	4.167424e+00
1.372004062635814e-02	4.144135e+00
1.382467232278671e-02	4.077228e+00
1.392930401921528e-02	3.993818e+00
1.403393571564384e-02	3.893904e+00
1.413856741207241e-02	3.777487e+00
1.424319910850098e-02	3.644566e+00
1.434783080492955e-02	3.495141e+00
1.445246250135812e-02	3.329213e+00
1.451942678707241e-02	3.215722e+00
1.458639107278669e-02	3.097091e+00
1.465335535850097e-02	2.973320e+00
1.472031964421526e-02	2.844408e+00
1.478728392992954e-02	2.710357e+00
1.485424821564383e-02	2.571166e+00
1.492121250135811e-02	2.426834e+00
1.495469464421525e-02	2.353248e+00
1.498817678707240e-02	2.278704e+00
1.502165892992954e-02	2.203203e+00
1.505514107278668e-02	2.126744e+00
1.508862321564382e-02	2.049327e+00
1.512210535850096e-02	1.970953e+00
1.515558750135811e-02	1.891620e+00
1.523929285850096e-02	1.688451e+00
1.532299821564382e-02	1.482066e+00
1.540670357278667e-02	1.272465e+00
1.549040892992953e-02	1.059647e+00
1.557411428707239e-02	8.436134e-01
1.565781964421524e-02	6.243636e-01
1.574152500135810e-02	4.018977e-01
1.588800937635811e-02	1.287826e-02
1.592986205492954e-02	-9.862621e-02
1.597171473350097e-02	-2.098707e-01
1.601356741207240e-02	-3.208552e-01
1.605542009064383e-02	-4.315798e-01
1.609727276921526e-02	-5.420443e-01
1.613912544778669e-02	-6.522489e-01
1.618097812635812e-02	-7.621936e-01
1.628142455492955e-02	-1.025776e+00
1.638187098350098e-02	-1.282793e+00
1.648231741207241e-02	-1.533245e+00
1.658276384064385e-02	-1.777130e+00
1.668321026921528e-02	-2.014450e+00
1.678365669778671e-02	-2.245205e+00
1.688410312635814e-02	-2.469393e+00
1.700966116207243e-02	-2.736049e+00
1.713521919778672e-02	-2.982234e+00
1.726077723350102e-02	-3.207947e+00
1.738633526921531e-02	-3.413189e+00
1.751189330492960e-02	-3.597960e+00
1.763745134064389e-02	-3.762260e+00
1.776300937635818e-02	-3.906088e+00
1.783834419778675e-02	-3.979207e+00
1.791367901921533e-02	-4.043115e+00
1.798901384064390e-02	-4.097813e+00
1.806434866207247e-02	-4.143300e+00
1.813968348350105e-02	-4.179576e+00
1.821501830492962e-02	-4.206642e+00
1.829035312635820e-02	-4.224497e+00
1.832383526921534e-02	-4.229293e+00
1.835731741207249e-02	-4.232217e+00
1.839079955492963e-02	-4.233268e+00
1.842428169778677e-02	-4.232447e+00
1.845776384064392e-02	-4.229753e+00
1.849124598350106e-02	-4.225187e+00
1.852472812635821e-02	-4.218748e+00
1.860424821564392e-02	-4.195678e+00
1.868376830492964e-02	-4.162418e+00
1.876328839421536e-02	-4.118970e+00
1.884280848350108e-02	-4.065332e+00
1.892232857278679e-02	-4.001505e+00
1.900184866207251e-02	-3.927489e+00
1.908136875135823e-02	-3.843284e+00
1.917762991207252e-02	-3.727628e+00
1.927389107278681e-02	-3.599645e+00
1.937015223350110e-02	-3.459332e+00
1.946641339421538e-02	-3.306691e+00
1.956267455492967e-02	-3.141722e+00
1.965893571564396e-02	-2.964424e+00
1.975519687635825e-02	-2.774797e+00
1.978867901921540e-02	-2.706852e+00
1.982216116207254e-02	-2.637787e+00
1.985564330492968e-02	-2.567602e+00
1.988912544778683e-02	-2.496296e+00
1.992260759064397e-02	-2.423871e+00
1.995608973350112e-02	-2.350326e+00
1.998957187635826e-02	-2.275660e+00
2.002723928707255e-02	-2.190426e+00
2.006490669778684e-02	-2.104087e+00
2.010257410850112e-02	-2.016644e+00
2.014024151921541e-02	-1.928097e+00
2.017790892992970e-02	-1.838445e+00
2.021557634064398e-02	-1.747690e+00
2.025324375135827e-02	-1.655830e+00
2.032857857278685e-02	-1.468547e+00
2.040391339421542e-02	-1.279049e+00
2.047924821564399e-02	-1.087338e+00
2.055458303707257e-02	-8.934133e-01
2.062991785850114e-02	-6.972746e-01
2.070525267992972e-02	-4.989221e-01
2.078058750135829e-02	-2.983558e-01
2.081406964421544e-02	-2.093621e-01
2.084755178707258e-02	-1.203741e-01
2.088103392992972e-02	-3.139190e-02
2.091451607278687e-02	5.758448e-02
2.094799821564401e-02	1.465551e-01
2.098148035850116e-02	2.355199e-01
2.101496250135830e-02	3.244789e-01
2.109448259064402e-02	5.361579e-01
2.117400267992973e-02	7.452137e-01
2.125352276921545e-02	9.516461e-01
2.133304285850117e-02	1.155455e+00
2.141256294778689e-02	1.356641e+00
2.149208303707260e-02	1.555204e+00
2.157160312635832e-02	1.751143e+00
2.170553169778690e-02	2.073749e+00
2.183946026921547e-02	2.376729e+00
2.197338884064405e-02	2.660084e+00
2.210731741207263e-02	2.923813e+00
2.224124598350120e-02	3.167916e+00
2.237517455492978e-02	3.392394e+00
2.250910312635836e-02	3.597246e+00
2.260117901921550e-02	3.721021e+00
2.269325491207265e-02	3.831552e+00
2.278533080492980e-02	3.928839e+00
2.287740669778694e-02	4.012882e+00
2.296948259064409e-02	4.083680e+00
2.306155848350123e-02	4.141235e+00
2.315363437635838e-02	4.185545e+00
2.318711651921553e-02	4.197962e+00
2.322059866207267e-02	4.208511e+00
2.325408080492981e-02	4.217194e+00
2.328756294778696e-02	4.224009e+00
2.332104509064410e-02	4.228957e+00
2.335452723350125e-02	4.232039e+00
2.338800937635839e-02	4.233253e+00
2.342986205492982e-02	4.232113e+00
2.347171473350125e-02	4.228060e+00
2.351356741207268e-02	4.221093e+00
2.355542009064411e-02	4.211213e+00
2.359727276921554e-02	4.198419e+00
2.363912544778697e-02	4.182712e+00
2.368097812635840e-02	4.164092e+00
2.378142455492983e-02	4.106762e+00
2.388187098350127e-02	4.033986e+00
2.398231741207270e-02	3.945764e+00
2.408276384064413e-02	3.842095e+00
2.418321026921556e-02	3.722981e+00
2.428365669778700e-02	3.588421e+00
2.438410312635843e-02	3.438414e+00
2.445943794778700e-02	3.316942e+00
2.453477276921558e-02	3.188802e+00
2.461010759064415e-02	3.053993e+00
2.468544241207273e-02	2.912515e+00
2.476077723350130e-02	2.764369e+00
2.483611205492987e-02	2.609554e+00
2.491144687635845e-02	2.448071e+00
2.499933750135845e-02	2.253715e+00
2.504537544778702e-02	2.148901e+00
2.509141339421560e-02	2.042516e+00
2.513745134064417e-02	1.934559e+00
2.518348928707274e-02	1.825030e+00
2.522952723350132e-02	1.713930e+00
2.527556517992989e-02	1.601259e+00
2.532160312635846e-02	1.487015e+00
2.539275267992989e-02	1.307481e+00
2.546390223350133e-02	1.126250e+00
2.553505178707276e-02	9.433212e-01
2.560620134064419e-02	7.586954e-01
2.567735089421562e-02	5.723723e-01
2.574850044778705e-02	3.843521e-01
2.581965000135848e-02	1.946346e-01
2.585313214421563e-02	1.055365e-01
2.588661428707277e-02	1.649020e-02
2.592009642992991e-02	-7.250439e-02
2.595357857278706e-02	-1.614472e-01
2.598706071564420e-02	-2.503383e-01
2.602054285850135e-02	-3.391776e-01
2.605402500135849e-02	-4.279652e-01
2.613773035850135e-02	-6.502577e-01
2.622143571564421e-02	-8.692646e-01
2.630514107278707e-02	-1.084986e+00
2.638884642992993e-02	-1.297422e+00
2.647255178707279e-02	-1.506572e+00
2.655625714421565e-02	-1.712437e+00
2.663996250135851e-02	-1.915017e+00
2.677807634064423e-02	-2.240126e+00
2.691619017992995e-02	-2.543166e+00
2.705430401921567e-02	-2.824137e+00
2.719241785850139e-02	-3.083038e+00
2.733053169778711e-02	-3.319870e+00
2.746864553707283e-02	-3.534632e+00
2.760675937635855e-02	-3.727325e+00
2.769465000135855e-02	-3.832983e+00
2.778254062635856e-02	-3.926354e+00
2.787043125135856e-02	-4.007437e+00
2.795832187635856e-02	-4.076234e+00
2.804621250135857e-02	-4.132744e+00
2.813410312635857e-02	-4.176967e+00
2.822199375135857e-02	-4.208902e+00
2.839777500135858e-02	-4.233253e+00
2.844381294778715e-02	-4.231079e+00
2.848985089421573e-02	-4.225387e+00
2.853588884064430e-02	-4.216175e+00
2.858192678707287e-02	-4.203443e+00
2.862796473350145e-02	-4.187192e+00
2.867400267993002e-02	-4.167422e+00
2.872004062635859e-02	-4.144132e+00
2.882467232278717e-02	-4.077226e+00
2.892930401921574e-02	-3.993816e+00
2.903393571564432e-02	-3.893902e+00
2.913856741207289e-02	-3.777485e+00
2.924319910850147e-02	-3.644564e+00
2.934783080493004e-02	-3.495140e+00
2.945246250135862e-02	-3.329212e+00
2.948175937635862e-02	-3.280519e+00
2.954453839421577e-02	-3.171987e+00
2.960731741207291e-02	-3.058982e+00
2.967009642993006e-02	-2.941501e+00
2.973287544778720e-02	-2.819546e+00
2.979565446564435e-02	-2.693117e+00
2.985843348350149e-02	-2.562212e+00
2.992121250135864e-02	-2.426834e+00
2.997980625135864e-02	-2.297580e+00
3.000000000000000e-02	-2.252413e+00
