time	V(out)	V(n001)
0.000000000000000e+00	-1.305442e+01	9.999970e-02
9.142857249701465e-07	-1.305443e+01	7.239211e-02
1.828571449940293e-06	-1.305444e+01	4.486060e-02
2.742857174910440e-06	-1.305444e+01	1.740518e-02
3.657142899880586e-06	-1.305445e+01	-9.974167e-03
4.571428624850732e-06	-1.305446e+01	-3.727743e-02
5.485714349820879e-06	-1.305447e+01	-6.450462e-02
6.400000074791024e-06	-1.305448e+01	-9.165572e-02
1.128281257479102e-05	-1.305453e+01	-2.357872e-01
2.104843757479103e-05	-1.305463e+01	-5.188448e-01
3.081406257479102e-05	-1.305472e+01	-7.946860e-01
4.546250007479102e-05	-1.305485e+01	-1.195318e+00
6.708638400336246e-05	-1.305542e+01	-1.755102e+00
8.871026793193392e-05	-1.305566e+01	-2.287614e+00
1.103341518605054e-04	-1.305560e+01	-2.792853e+00
1.319580357890768e-04	-1.305522e+01	-3.270820e+00
1.535819197176483e-04	-1.305453e+01	-3.721515e+00
1.752058036462197e-04	-1.305353e+01	-4.144938e+00
1.968296875747911e-04	-1.305221e+01	-4.541088e+00
2.072928572176483e-04	-1.305141e+01	-4.726227e+00
2.177560268605054e-04	-1.304903e+01	-4.906521e+00
2.282191965033626e-04	-1.304506e+01	-5.081972e+00
2.386823661462197e-04	-1.303950e+01	-5.252578e+00
2.491455357890769e-04	-1.303235e+01	-5.418340e+00
2.596087054319340e-04	-1.302362e+01	-5.579258e+00
2.700718750747911e-04	-1.301330e+01	-5.735332e+00
2.798375000747912e-04	-1.299696e+01	-5.877057e+00
2.847203125747912e-04	-1.261155e+01	-5.946636e+00
2.847400576151354e-04	-1.223279e+01	-5.946896e+00
2.847412224035537e-04	-1.218567e+01	-5.946909e+00
2.847435519803903e-04	-1.207664e+01	-5.946937e+00
2.847482111340633e-04	-1.179172e+01	-5.946989e+00
2.847564252113068e-04	-1.104611e+01	-5.947068e+00
2.847674744946253e-04	-9.528848e+00	-5.947141e+00
2.847806800338548e-04	-7.060696e+00	-5.947162e+00
2.847956148697362e-04	-3.818973e+00	-5.947082e+00
2.848113881274457e-04	-2.725144e-01	-5.946873e+00
2.848271242632652e-04	3.297922e+00	-5.946531e+00
2.848453023806937e-04	7.515527e+00	-5.945971e+00
2.848651439305423e-04	1.221109e+01	-5.945211e+00
2.848668258160342e-04	1.258514e+01	-5.945132e+00
2.848691450185456e-04	1.293643e+01	-5.945023e+00
2.848718471317014e-04	1.307753e+01	-5.944894e+00
2.848743995055334e-04	1.306898e+01	-5.944773e+00
2.848772276642874e-04	1.305237e+01	-5.944640e+00
2.848801400252366e-04	1.305217e+01	-5.944504e+00
2.848854714209976e-04	1.305211e+01	-5.944256e+00
2.848961342125197e-04	1.305294e+01	-5.943766e+00
2.849143037112209e-04	1.305315e+01	-5.942933e+00
2.849384097340422e-04	1.305317e+01	-5.941830e+00
2.849677538068664e-04	1.305316e+01	-5.940489e+00
3.031491053792403e-04	1.305340e+01	-5.133780e+00
3.213304569516142e-04	1.305363e+01	-4.360851e+00
3.395118085239881e-04	1.305386e+01	-3.621700e+00
3.576931600963620e-04	1.305409e+01	-2.916329e+00
3.758745116687359e-04	1.305431e+01	-2.244736e+00
3.940558632411098e-04	1.305453e+01	-1.606922e+00
4.122372148134837e-04	1.305475e+01	-1.002887e+00
4.220028398134837e-04	1.305485e+01	-6.882362e-01
4.317684648134837e-04	1.305496e+01	-3.816072e-01
4.366512773134837e-04	1.305501e+01	-2.312368e-01
4.415340898134837e-04	1.305506e+01	-8.279553e-02
4.464169023134837e-04	1.305511e+01	6.374131e-02
4.512997148134837e-04	1.305516e+01	2.083982e-01
4.561825273134837e-04	1.305520e+01	3.511992e-01
4.659481523134837e-04	1.305530e+01	6.313284e-01
4.805965898134837e-04	1.305544e+01	1.038189e+00
4.952450273134837e-04	1.305556e+01	1.429590e+00
5.161713665991980e-04	1.305615e+01	1.959545e+00
5.370977058849123e-04	1.305638e+01	2.464388e+00
5.580240451706266e-04	1.305627e+01	2.944119e+00
5.789503844563410e-04	1.305581e+01	3.398738e+00
5.998767237420553e-04	1.305499e+01	3.828246e+00
6.208030630277695e-04	1.305383e+01	4.232642e+00
6.417294023134838e-04	1.305232e+01	4.611926e+00
6.514950273134838e-04	1.305146e+01	4.783122e+00
6.612606523134838e-04	1.304899e+01	4.950103e+00
6.710262773134838e-04	1.304491e+01	5.112870e+00
6.807919023134838e-04	1.303922e+01	5.271423e+00
6.905575273134838e-04	1.303192e+01	5.425762e+00
7.003231523134839e-04	1.302301e+01	5.575887e+00
7.100887773134839e-04	1.301249e+01	5.721797e+00
7.149715898134839e-04	1.300516e+01	5.793327e+00
7.198544023134839e-04	1.300329e+01	5.864075e+00
7.204647538759839e-04	1.300136e+01	5.872844e+00
7.216854570009838e-04	1.299593e+01	5.890281e+00
7.245765101709476e-04	1.298838e+01	5.931318e+00
7.276347791468995e-04	1.297705e+01	5.974387e+00
7.282451307093994e-04	1.297369e+01	5.982940e+00
7.283977186000244e-04	1.297229e+01	5.985071e+00
7.287128719362409e-04	1.296837e+01	5.989469e+00
7.287594338594177e-04	1.296718e+01	5.990118e+00
7.287727372660397e-04	1.296663e+01	5.990304e+00
7.287993440792835e-04	1.296515e+01	5.990674e+00
7.288059957825945e-04	1.296443e+01	5.990767e+00
7.288192991892165e-04	1.296126e+01	5.990952e+00
7.288322502884065e-04	1.295447e+01	5.991132e+00
7.288431194526041e-04	1.294232e+01	5.991283e+00
7.288532950131785e-04	1.291982e+01	5.991424e+00
7.288630856914495e-04	1.287875e+01	5.991559e+00
7.288727933556491e-04	1.279773e+01	5.991691e+00
7.288845859487355e-04	1.260353e+01	5.991847e+00
7.288953749638253e-04	1.224010e+01	5.991982e+00
7.289073476437786e-04	1.145179e+01	5.992113e+00
7.289188860852841e-04	1.010297e+01	5.992205e+00
7.289322092978186e-04	7.778320e+00	5.992246e+00
7.289477684545606e-04	4.474334e+00	5.992186e+00
7.289641380557664e-04	8.036653e-01	5.991992e+00
7.289800736104172e-04	-2.805323e+00	5.991665e+00
7.289972727269146e-04	-6.781764e+00	5.991157e+00
7.290168476342269e-04	-1.140193e+01	5.990427e+00
7.290207160314037e-04	-1.223187e+01	5.990258e+00
7.290254897909964e-04	-1.285750e+01	5.990034e+00
7.290315417745806e-04	-1.306526e+01	5.989747e+00
7.290348816685270e-04	-1.305497e+01	5.989590e+00
7.290391680111287e-04	-1.304982e+01	5.989390e+00
7.290443532557393e-04	-1.305336e+01	5.989150e+00
7.290498051683836e-04	-1.305257e+01	5.988898e+00
7.290607089936723e-04	-1.305308e+01	5.988397e+00
7.290778767751776e-04	-1.305290e+01	5.987609e+00
7.291116667306292e-04	-1.305298e+01	5.986061e+00
7.291448413589379e-04	-1.305293e+01	5.984541e+00
7.468779653086729e-04	-1.305319e+01	5.195076e+00
7.646110892584078e-04	-1.305344e+01	4.437954e+00
7.823442132081429e-04	-1.305368e+01	3.713175e+00
8.000773371578780e-04	-1.305391e+01	3.020738e+00
8.178104611076129e-04	-1.305414e+01	2.360643e+00
8.355435850573480e-04	-1.305435e+01	1.732891e+00
8.532767090070829e-04	-1.305455e+01	1.137481e+00
8.679251465070829e-04	-1.305471e+01	6.634164e-01
8.776907715070829e-04	-1.305482e+01	3.574235e-01
8.825735840070829e-04	-1.305487e+01	2.073650e-01
8.874563965070829e-04	-1.305492e+01	5.923168e-02
8.923392090070829e-04	-1.305497e+01	-8.700119e-02
8.972220215070829e-04	-1.305502e+01	-2.313580e-01
9.069876465070829e-04	-1.305511e+01	-5.145392e-01
9.167532715070830e-04	-1.305520e+01	-7.905010e-01
9.314017090070830e-04	-1.305534e+01	-1.191308e+00
9.530255929356541e-04	-1.305589e+01	-1.751337e+00
9.746494768642253e-04	-1.305614e+01	-2.284081e+00
9.962733607927965e-04	-1.305608e+01	-2.789541e+00
1.017897244721368e-03	-1.305571e+01	-3.267718e+00
1.039521128649939e-03	-1.305503e+01	-3.718610e+00
1.061145012578510e-03	-1.305405e+01	-4.142219e+00
1.082768896507081e-03	-1.305276e+01	-4.538543e+00
1.093232066149938e-03	-1.305220e+01	-4.723773e+00
1.103695235792795e-03	-1.304987e+01	-4.904152e+00
1.114158405435651e-03	-1.304579e+01	-5.079678e+00
1.124621575078509e-03	-1.303993e+01	-5.250353e+00
1.135084744721365e-03	-1.303232e+01	-5.416177e+00
1.145547914364222e-03	-1.302294e+01	-5.577149e+00
1.156011084007079e-03	-1.301179e+01	-5.733269e+00
1.160893896507079e-03	-1.300440e+01	-5.804644e+00
1.165776709007079e-03	-1.300106e+01	-5.875236e+00
1.167607763694579e-03	-1.299424e+01	-5.901382e+00
1.170419828814129e-03	-1.298610e+01	-5.941208e+00
1.173474806312355e-03	-1.297311e+01	-5.984154e+00
1.173665541175636e-03	-1.297122e+01	-5.986816e+00
1.173741835120949e-03	-1.297011e+01	-5.987881e+00
1.173899246272737e-03	-1.296722e+01	-5.990076e+00
1.173905677287621e-03	-1.296702e+01	-5.990166e+00
1.173918539317389e-03	-1.296646e+01	-5.990345e+00
1.173944263376926e-03	-1.296490e+01	-5.990704e+00
1.173950694391810e-03	-1.296410e+01	-5.990793e+00
1.173963556421578e-03	-1.296054e+01	-5.990973e+00
1.173976685217388e-03	-1.295260e+01	-5.991155e+00
1.173987593800236e-03	-1.293857e+01	-5.991306e+00
1.173997802996751e-03	-1.291261e+01	-5.991447e+00
1.174007549526476e-03	-1.286526e+01	-5.991581e+00
1.174017526963177e-03	-1.276903e+01	-5.991716e+00
1.174029167274197e-03	-1.254648e+01	-5.991869e+00
1.174040109884559e-03	-1.212145e+01	-5.992002e+00
1.174051995936660e-03	-1.123150e+01	-5.992127e+00
1.174063743096723e-03	-9.717320e+00	-5.992212e+00
1.174077501067445e-03	-7.183378e+00	-5.992239e+00
1.174092398725843e-03	-3.958986e+00	-5.992162e+00
1.174108459184976e-03	-3.465906e-01	-5.991952e+00
1.174124168181203e-03	3.217275e+00	-5.991612e+00
1.174142391879778e-03	7.443661e+00	-5.991052e+00
1.174161375768430e-03	1.193279e+01	-5.990329e+00
1.174162420765709e-03	1.218149e+01	-5.990284e+00
1.174164510760268e-03	1.263455e+01	-5.990186e+00
1.174166893182947e-03	1.296549e+01	-5.990073e+00
1.174169772556406e-03	1.308154e+01	-5.989935e+00
1.174172158566726e-03	1.306636e+01	-5.989822e+00
1.174175021153058e-03	1.305152e+01	-5.989687e+00
1.174178126370280e-03	1.305212e+01	-5.989542e+00
1.174182841117661e-03	1.305198e+01	-5.989323e+00
1.174192270612422e-03	1.305287e+01	-5.988887e+00
1.174210632530445e-03	1.305309e+01	-5.988043e+00
1.174234692860983e-03	1.305312e+01	-5.986939e+00
1.174263837537643e-03	1.305310e+01	-5.985604e+00
1.192451294218458e-03	1.305334e+01	-5.176528e+00
1.210638750899274e-03	1.305358e+01	-4.401340e+00
1.228826207580089e-03	1.305381e+01	-3.660040e+00
1.247013664260904e-03	1.305404e+01	-2.952629e+00
1.265201120941720e-03	1.305427e+01	-2.279105e+00
1.283388577622535e-03	1.305449e+01	-1.639469e+00
1.301576034303351e-03	1.305470e+01	-1.033721e+00
1.311341659303350e-03	1.305481e+01	-7.182846e-01
1.321107284303350e-03	1.305491e+01	-4.108903e-01
1.325990096803350e-03	1.305496e+01	-2.601446e-01
1.330872909303350e-03	1.305501e+01	-1.113328e-01
1.335755721803350e-03	1.305506e+01	3.556975e-02
1.340638534303350e-03	1.305511e+01	1.805876e-01
1.345521346803350e-03	1.305516e+01	3.237450e-01
1.355286971803349e-03	1.305526e+01	6.045735e-01
1.369935409303349e-03	1.305539e+01	1.012449e+00
1.384583846803349e-03	1.305552e+01	1.404827e+00
1.405510186089063e-03	1.305610e+01	1.936104e+00
1.426436525374777e-03	1.305633e+01	2.442207e+00
1.447362864660490e-03	1.305623e+01	2.923136e+00
1.468289203946204e-03	1.305578e+01	3.378892e+00
1.489215543231918e-03	1.305500e+01	3.809473e+00
1.510141882517632e-03	1.305389e+01	4.214881e+00
1.531068221803346e-03	1.305243e+01	4.595116e+00
1.540833846803345e-03	1.305163e+01	4.766739e+00
1.550599471803345e-03	1.304927e+01	4.934143e+00
1.560365096803345e-03	1.304534e+01	5.097326e+00
1.570130721803345e-03	1.303984e+01	5.256289e+00
1.579896346803345e-03	1.303277e+01	5.411031e+00
1.589661971803344e-03	1.302414e+01	5.561554e+00
1.599427596803344e-03	1.301393e+01	5.707856e+00
1.604310409303344e-03	1.300696e+01	5.779583e+00
1.609193221803344e-03	1.300481e+01	5.850528e+00
1.609803573365844e-03	1.300299e+01	5.859322e+00
1.611024276490844e-03	1.299792e+01	5.876806e+00
1.614206860482059e-03	1.299017e+01	5.922085e+00
1.617571139047576e-03	1.297895e+01	5.969546e+00
1.618334078500702e-03	1.297516e+01	5.980246e+00
1.618715548227264e-03	1.297213e+01	5.985576e+00
1.618906283090545e-03	1.296989e+01	5.988238e+00
1.618927867880244e-03	1.296965e+01	5.988539e+00
1.618949452669943e-03	1.296932e+01	5.988840e+00
1.618971037459642e-03	1.296892e+01	5.989141e+00
1.618992622249341e-03	1.296844e+01	5.989442e+00
1.619014207039040e-03	1.296788e+01	5.989743e+00
1.619035791828740e-03	1.296724e+01	5.990044e+00
1.619057376618439e-03	1.296653e+01	5.990345e+00
1.619066874978131e-03	1.296607e+01	5.990477e+00
1.619085871697517e-03	1.296476e+01	5.990742e+00
1.619090620877364e-03	1.296421e+01	5.990808e+00
1.619100119237056e-03	1.296120e+01	5.990940e+00
1.619119115956442e-03	1.294672e+01	5.991204e+00
1.619131684901834e-03	1.292395e+01	5.991378e+00
1.619142855351144e-03	1.288062e+01	5.991532e+00
1.619152834416660e-03	1.280264e+01	5.991668e+00
1.619163610914307e-03	1.263349e+01	5.991811e+00
1.619174996819362e-03	1.227506e+01	5.991954e+00
1.619186361086542e-03	1.157023e+01	5.992081e+00
1.619198244439571e-03	1.024707e+01	5.992181e+00
1.619211031052189e-03	8.077026e+00	5.992225e+00
1.619228088621982e-03	4.486980e+00	5.992165e+00
1.619244192718577e-03	8.862092e-01	5.991978e+00
1.619260544752938e-03	-2.815408e+00	5.991647e+00
1.619276706693336e-03	-6.549640e+00	5.991173e+00
1.619298213231494e-03	-1.162704e+01	5.990378e+00
1.619300039229148e-03	-1.204945e+01	5.990294e+00
1.619303691224456e-03	-1.271804e+01	5.990124e+00
1.619307223854317e-03	-1.303707e+01	5.989956e+00
1.619310873467359e-03	-1.307101e+01	5.989783e+00
1.619313330551992e-03	-1.305065e+01	5.989667e+00
1.619316815967346e-03	-1.305008e+01	5.989504e+00
1.619321819312079e-03	-1.305253e+01	5.989272e+00
1.619327115779414e-03	-1.305191e+01	5.989027e+00
1.619337708714083e-03	-1.305270e+01	5.988539e+00
1.619357557000733e-03	-1.305275e+01	5.987628e+00
1.619386879158500e-03	-1.305280e+01	5.986284e+00
1.619420681612051e-03	-1.305277e+01	5.984735e+00
1.637200019559467e-03	-1.305303e+01	5.193278e+00
1.654979357506883e-03	-1.305328e+01	4.434318e+00
1.672758695454299e-03	-1.305352e+01	3.707856e+00
1.690538033401715e-03	-1.305375e+01	3.013893e+00
1.708317371349131e-03	-1.305398e+01	2.352428e+00
1.726096709296547e-03	-1.305419e+01	1.723461e+00
1.743876047243963e-03	-1.305439e+01	1.126992e+00
1.753641672243963e-03	-1.305450e+01	8.091841e-01
1.763407297243962e-03	-1.305461e+01	4.994785e-01
1.768290109743962e-03	-1.305466e+01	3.475994e-01
1.773172922243962e-03	-1.305471e+01	1.976687e-01
1.778055734743962e-03	-1.305476e+01	4.966157e-02
1.782938547243962e-03	-1.305481e+01	-9.644672e-02
1.787821359743962e-03	-1.305486e+01	-2.406805e-01
1.797586984743962e-03	-1.305495e+01	-5.236205e-01
1.807352609743961e-03	-1.305504e+01	-7.993472e-01
1.822001047243961e-03	-1.305518e+01	-1.199813e+00
1.843624931172532e-03	-1.305574e+01	-1.759365e+00
1.865248815101103e-03	-1.305599e+01	-2.291655e+00
1.886872699029674e-03	-1.305592e+01	-2.796684e+00
1.908496582958245e-03	-1.305555e+01	-3.274453e+00
1.930120466886816e-03	-1.305486e+01	-3.724960e+00
1.951744350815387e-03	-1.305385e+01	-4.148207e+00
1.973368234743958e-03	-1.305254e+01	-4.544192e+00
1.983831404386815e-03	-1.305198e+01	-4.729261e+00
1.994294574029672e-03	-1.304967e+01	-4.909483e+00
2.004757743672529e-03	-1.304561e+01	-5.084859e+00
2.015220913315385e-03	-1.303979e+01	-5.255390e+00
2.025684082958243e-03	-1.303222e+01	-5.421074e+00
2.036147252601099e-03	-1.302291e+01	-5.581912e+00
2.046610422243956e-03	-1.301184e+01	-5.737905e+00
2.051493234743956e-03	-1.300459e+01	-5.809221e+00
2.056376047243956e-03	-1.300021e+01	-5.879755e+00
2.058207101931456e-03	-1.299348e+01	-5.905878e+00
2.059543882687690e-03	-1.299010e+01	-5.924846e+00
2.061055165681478e-03	-1.298456e+01	-5.946169e+00
2.064077731669054e-03	-1.296599e+01	-5.988604e+00
2.064154025614367e-03	-1.296178e+01	-5.989670e+00
2.064156409800158e-03	-1.296149e+01	-5.989704e+00
2.064161178171740e-03	-1.296057e+01	-5.989770e+00
2.064170714914904e-03	-1.295579e+01	-5.989902e+00
2.064189788401232e-03	-1.293252e+01	-5.990167e+00
2.064202896320401e-03	-1.289482e+01	-5.990348e+00
2.064213833891051e-03	-1.282547e+01	-5.990498e+00
2.064224707844222e-03	-1.268091e+01	-5.990643e+00
2.064236428911124e-03	-1.236357e+01	-5.990792e+00
2.064247695699824e-03	-1.175059e+01	-5.990922e+00
2.064259641237732e-03	-1.055198e+01	-5.991031e+00
2.064272034687762e-03	-8.584515e+00	-5.991088e+00
2.064287809037972e-03	-5.356376e+00	-5.991059e+00
2.064303874466272e-03	-1.782623e+00	-5.990909e+00
2.064317913732253e-03	1.382684e+00	-5.990664e+00
2.064332921154548e-03	4.820325e+00	-5.990272e+00
2.064336674673685e-03	5.679816e+00	-5.990172e+00
2.064340428192821e-03	6.546913e+00	-5.990062e+00
2.064344181711958e-03	7.421616e+00	-5.989942e+00
2.064347935231095e-03	8.303926e+00	-5.989812e+00
2.064351688750231e-03	9.193842e+00	-5.989672e+00
2.064355442269368e-03	1.009136e+01	-5.989522e+00
2.064359195788504e-03	1.099649e+01	-5.989361e+00
2.064364543248572e-03	1.221954e+01	-5.989120e+00
2.064368072435434e-03	1.281226e+01	-5.988956e+00
2.064371676816973e-03	1.305528e+01	-5.988785e+00
2.064375405359910e-03	1.306655e+01	-5.988608e+00
2.064378750420771e-03	1.304972e+01	-5.988451e+00
2.064382264573136e-03	1.305119e+01	-5.988287e+00
2.064389292877868e-03	1.305213e+01	-5.987962e+00
2.064399147360694e-03	1.305206e+01	-5.987507e+00
2.064414725728724e-03	1.305240e+01	-5.986792e+00
2.064440338677238e-03	1.305239e+01	-5.985618e+00
2.064473062389166e-03	1.305245e+01	-5.984119e+00
2.082682756423316e-03	1.305271e+01	-5.174180e+00
2.100892450457466e-03	1.305297e+01	-4.398202e+00
2.119102144491616e-03	1.305321e+01	-3.656185e+00
2.137311838525766e-03	1.305345e+01	-2.948127e+00
2.155521532559916e-03	1.305368e+01	-2.274031e+00
2.173731226594065e-03	1.305389e+01	-1.633894e+00
2.191940920628215e-03	1.305410e+01	-1.027719e+00
2.201706545628215e-03	1.305421e+01	-7.124490e-01
2.211472170628215e-03	1.305431e+01	-4.052168e-01
2.216354983128215e-03	1.305437e+01	-2.545505e-01
2.221237795628215e-03	1.305441e+01	-1.058172e-01
2.226120608128215e-03	1.305446e+01	4.100788e-02
2.231003420628215e-03	1.305451e+01	1.859493e-01
2.235886233128215e-03	1.305456e+01	3.290312e-01
2.245651858128214e-03	1.305466e+01	6.097116e-01
2.260300295628214e-03	1.305479e+01	1.017372e+00
2.274948733128214e-03	1.305492e+01	1.409543e+00
2.295875072413927e-03	1.305551e+01	1.940541e+00
2.316801411699641e-03	1.305574e+01	2.446377e+00
2.337727750985355e-03	1.305563e+01	2.927053e+00
2.358654090271069e-03	1.305518e+01	3.382567e+00
2.379580429556783e-03	1.305438e+01	3.812921e+00
2.400506768842497e-03	1.305324e+01	4.218114e+00
2.421433108128211e-03	1.305174e+01	4.598145e+00
2.431896277771068e-03	1.305086e+01	4.781723e+00
2.442359447413924e-03	1.304823e+01	4.960485e+00
2.452822617056781e-03	1.304386e+01	5.134431e+00
2.463285786699638e-03	1.303773e+01	5.303562e+00
2.473748956342495e-03	1.302986e+01	5.467877e+00
2.484212125985352e-03	1.302024e+01	5.627376e+00
2.494675295628209e-03	1.300888e+01	5.782060e+00
2.499558108128209e-03	1.300053e+01	5.852770e+00
2.504440920628209e-03	1.299019e+01	5.922689e+00
2.505051272190709e-03	1.298868e+01	5.931352e+00
2.506271975315709e-03	1.298458e+01	5.948555e+00
2.508713381565709e-03	1.297314e+01	5.982835e+00
2.509054968711780e-03	1.297053e+01	5.987613e+00
2.509129902128605e-03	1.296936e+01	5.988658e+00
2.509229813351039e-03	1.296724e+01	5.990052e+00
2.509239070118045e-03	1.296696e+01	5.990180e+00
2.509262212035561e-03	1.296603e+01	5.990503e+00
2.509271468802568e-03	1.296528e+01	5.990632e+00
2.509289982336581e-03	1.296274e+01	5.990890e+00
2.509294610720084e-03	1.296146e+01	5.990954e+00
2.509303867487090e-03	1.295577e+01	5.991083e+00
2.509318900312039e-03	1.293662e+01	5.991292e+00
2.509330440501807e-03	1.290543e+01	5.991451e+00
2.509340764185655e-03	1.284813e+01	5.991593e+00
2.509351183671782e-03	1.273029e+01	5.991733e+00
2.509362851081261e-03	1.246491e+01	5.991884e+00
2.509373957126787e-03	1.195376e+01	5.992016e+00
2.509385836326822e-03	1.092041e+01	5.992133e+00
2.509397861152040e-03	9.191058e+00	5.992206e+00
2.509412428878444e-03	6.347267e+00	5.992209e+00
2.509427599180111e-03	3.006832e+00	5.992099e+00
2.509444022094679e-03	-6.929898e-01	5.991848e+00
2.509459111539364e-03	-4.130934e+00	5.991488e+00
2.509477493431137e-03	-8.339023e+00	5.990881e+00
2.509496985936628e-03	-1.270608e+01	5.990102e+00
2.509497430781308e-03	-1.279359e+01	5.990082e+00
2.509498320470668e-03	-1.291762e+01	5.990040e+00
2.509500099849389e-03	-1.303900e+01	5.989954e+00
2.509502778083103e-03	-1.307295e+01	5.989827e+00
2.509505268411088e-03	-1.306083e+01	5.989710e+00
2.509508134334281e-03	-1.305343e+01	5.989575e+00
2.509513866180668e-03	-1.305204e+01	5.989308e+00
2.509521350796123e-03	-1.305198e+01	5.988962e+00
2.509536320027032e-03	-1.305230e+01	5.988273e+00
2.509558193909889e-03	-1.305241e+01	5.987270e+00
2.509585983531183e-03	-1.305244e+01	5.985996e+00
2.527559974653087e-03	-1.305271e+01	5.186110e+00
2.545533965774990e-03	-1.305297e+01	4.419384e+00
2.563507956896894e-03	-1.305322e+01	3.685816e+00
2.581481948018797e-03	-1.305346e+01	2.985407e+00
2.599455939140701e-03	-1.305368e+01	2.318157e+00
2.617429930262605e-03	-1.305390e+01	1.684066e+00
2.635403921384508e-03	-1.305410e+01	1.083134e+00
2.645169546384508e-03	-1.305421e+01	7.664515e-01
2.654935171384508e-03	-1.305431e+01	4.578422e-01
2.659817983884508e-03	-1.305437e+01	3.065006e-01
2.664700796384508e-03	-1.305442e+01	1.571006e-01
2.669583608884508e-03	-1.305447e+01	9.617394e-03
2.674466421384507e-03	-1.305451e+01	-1.359737e-01
2.679349233884507e-03	-1.305456e+01	-2.796970e-01
2.689114858884507e-03	-1.305466e+01	-5.616356e-01
2.698880483884507e-03	-1.305475e+01	-8.363862e-01
2.713528921384507e-03	-1.305488e+01	-1.235435e+00
2.735152805313078e-03	-1.305547e+01	-1.793007e+00
2.756776689241648e-03	-1.305572e+01	-2.323414e+00
2.778400573170220e-03	-1.305564e+01	-2.826655e+00
2.800024457098791e-03	-1.305523e+01	-3.302730e+00
2.821648341027362e-03	-1.305449e+01	-3.751640e+00
2.843272224955932e-03	-1.305342e+01	-4.173385e+00
2.864896108884503e-03	-1.305202e+01	-4.567964e+00
2.875359278527361e-03	-1.305122e+01	-4.752368e+00
2.885822448170217e-03	-1.304874e+01	-4.931942e+00
2.896285617813074e-03	-1.304457e+01	-5.106685e+00
2.906748787455931e-03	-1.303872e+01	-5.276597e+00
2.917211957098788e-03	-1.303119e+01	-5.441678e+00
2.927675126741645e-03	-1.302197e+01	-5.601928e+00
2.938138296384502e-03	-1.301106e+01	-5.757347e+00
2.947903921384502e-03	-1.299366e+01	-5.898449e+00
2.952786733884502e-03	-1.298219e+01	-5.967720e+00
2.953702898600942e-03	-1.297499e+01	-5.980564e+00
2.954121263506842e-03	-1.297134e+01	-5.986408e+00
2.954367799969248e-03	-1.296769e+01	-5.989848e+00
2.954382741573031e-03	-1.296726e+01	-5.990056e+00
2.954412624780595e-03	-1.296612e+01	-5.990473e+00
2.954420095582486e-03	-1.296570e+01	-5.990577e+00
2.954435037186268e-03	-1.296422e+01	-5.990785e+00
2.954447816715446e-03	-1.296099e+01	-5.990963e+00
2.954463193529399e-03	-1.295144e+01	-5.991177e+00
2.954474906375073e-03	-1.293504e+01	-5.991339e+00
2.954485572587742e-03	-1.290441e+01	-5.991487e+00
2.954495425415381e-03	-1.284903e+01	-5.991621e+00
2.954505727330813e-03	-1.273339e+01	-5.991760e+00
2.954517262453130e-03	-1.247490e+01	-5.991910e+00
2.954528367202800e-03	-1.197292e+01	-5.992043e+00
2.954540195681379e-03	-1.096079e+01	-5.992160e+00
2.954552206495815e-03	-9.254021e+00	-5.992234e+00
2.954566639023571e-03	-6.454444e+00	-5.992240e+00
2.954581656121968e-03	-3.152933e+00	-5.992136e+00
2.954597944832854e-03	5.162737e-01	-5.991893e+00
2.954613156158988e-03	3.978748e+00	-5.991536e+00
2.954631279937986e-03	8.171705e+00	-5.990945e+00
2.954650645489601e-03	1.265874e+01	-5.990176e+00
2.954651250663089e-03	1.278107e+01	-5.990149e+00
2.954652461010065e-03	1.293853e+01	-5.990091e+00
2.954654881704016e-03	1.306636e+01	-5.989975e+00
2.954657105673472e-03	1.307595e+01	-5.989869e+00
2.954659878473896e-03	1.305750e+01	-5.989738e+00
2.954662666278468e-03	1.305285e+01	-5.989608e+00
2.954668241887613e-03	1.305207e+01	-5.989348e+00
2.954677608328774e-03	1.305208e+01	-5.988915e+00
2.954696341211097e-03	1.305237e+01	-5.988054e+00
2.954717667531216e-03	1.305245e+01	-5.987076e+00
2.954748355839874e-03	1.305247e+01	-5.985670e+00
2.972928088626640e-03	1.305274e+01	-5.176946e+00
2.991107821413405e-03	1.305300e+01	-4.402083e+00
3.009287554200171e-03	1.305325e+01	-3.661080e+00
3.027467286986937e-03	1.305349e+01	-2.953938e+00
3.045647019773702e-03	1.305372e+01	-2.280657e+00
3.063826752560468e-03	1.305394e+01	-1.641236e+00
3.082006485347234e-03	1.305414e+01	-1.035676e+00
3.091772110347234e-03	1.305425e+01	-7.202026e-01
3.101537735347233e-03	1.305435e+01	-4.127717e-01
3.106420547847233e-03	1.305441e+01	-2.620081e-01
3.111303360347233e-03	1.305446e+01	-1.131786e-01
3.116186172847233e-03	1.305451e+01	3.374139e-02
3.121068985347233e-03	1.305455e+01	1.787765e-01
3.125951797847233e-03	1.305460e+01	3.219509e-01
3.135717422847233e-03	1.305470e+01	6.028128e-01
3.150365860347232e-03	1.305483e+01	1.010737e+00
3.165014297847232e-03	1.305497e+01	1.403162e+00
3.185940637132946e-03	1.305554e+01	1.934502e+00
3.206866976418660e-03	1.305578e+01	2.440665e+00
3.227793315704373e-03	1.305567e+01	2.921652e+00
3.248719654990088e-03	1.305523e+01	3.377461e+00
3.269645994275801e-03	1.305444e+01	3.808094e+00
3.290572333561515e-03	1.305330e+01	4.213549e+00
3.311498672847229e-03	1.305183e+01	4.593828e+00
3.321961842490086e-03	1.305102e+01	4.777525e+00
3.332425012132943e-03	1.304844e+01	4.956405e+00
3.342888181775800e-03	1.304408e+01	5.130466e+00
3.353351351418656e-03	1.303795e+01	5.299709e+00
3.363814521061514e-03	1.303005e+01	5.464135e+00
3.374277690704370e-03	1.302037e+01	5.623741e+00
3.384740860347227e-03	1.300891e+01	5.778530e+00
3.394506485347227e-03	1.298947e+01	5.919024e+00
3.399389297847227e-03	1.297647e+01	5.987991e+00
3.399465591792539e-03	1.297128e+01	5.989060e+00
3.399484665278868e-03	1.296955e+01	5.989326e+00
3.399522812251524e-03	1.296786e+01	5.989858e+00
3.399532348994688e-03	1.296752e+01	5.989991e+00
3.399556190852598e-03	1.296671e+01	5.990324e+00
3.399565727595763e-03	1.296625e+01	5.990457e+00
3.399584801082091e-03	1.296505e+01	5.990722e+00
3.399589569453673e-03	1.296457e+01	5.990788e+00
3.399599106196837e-03	1.296203e+01	5.990921e+00
3.399618179683165e-03	1.295007e+01	5.991187e+00
3.399629995146131e-03	1.293266e+01	5.991351e+00
3.399640984994403e-03	1.289843e+01	5.991502e+00
3.399650886697410e-03	1.283733e+01	5.991638e+00
3.399661396098552e-03	1.270735e+01	5.991778e+00
3.399672863856754e-03	1.242305e+01	5.991926e+00
3.399684073895449e-03	1.186547e+01	5.992058e+00
3.399695874030900e-03	1.076963e+01	5.992170e+00
3.399708085875649e-03	8.931652e+00	5.992237e+00
3.399723089857151e-03	5.937324e+00	5.992227e+00
3.399738716039559e-03	2.477536e+00	5.992101e+00
3.399753208363830e-03	-7.885537e-01	5.991868e+00
3.399768695031277e-03	-4.321945e+00	5.991488e+00
3.399788081323095e-03	-8.653401e+00	5.990838e+00
3.399808119227373e-03	-1.279643e+01	5.990026e+00
3.399808418548659e-03	-1.284744e+01	5.990013e+00
3.399809017191231e-03	-1.292203e+01	5.989985e+00
3.399810214476376e-03	-1.301087e+01	5.989927e+00
3.399812609046665e-03	-1.306647e+01	5.989814e+00
3.399815184770739e-03	-1.306418e+01	5.989692e+00
3.399818013693074e-03	-1.305451e+01	5.989559e+00
3.399822259131631e-03	-1.305218e+01	5.989362e+00
3.399830750008745e-03	-1.305200e+01	5.988969e+00
3.399847731762974e-03	-1.305228e+01	5.988187e+00
3.399868873918490e-03	-1.305240e+01	5.987217e+00
3.399897158379316e-03	-1.305242e+01	5.985921e+00
3.417982596103053e-03	-1.305270e+01	5.181244e+00
3.436068033826791e-03	-1.305296e+01	4.410105e+00
3.454153471550529e-03	-1.305321e+01	3.672504e+00
3.472238909274266e-03	-1.305345e+01	2.968442e+00
3.490324346998004e-03	-1.305368e+01	2.297918e+00
3.508409784721742e-03	-1.305389e+01	1.660932e+00
3.526495222445480e-03	-1.305409e+01	1.057485e+00
3.536260847445480e-03	-1.305420e+01	7.414563e-01
3.546026472445479e-03	-1.305431e+01	4.334845e-01
3.550909284945479e-03	-1.305436e+01	2.824556e-01
3.555792097445479e-03	-1.305441e+01	1.333643e-01
3.560674909945479e-03	-1.305446e+01	-1.381429e-02
3.565557722445479e-03	-1.305451e+01	-1.591046e-01
3.570440534945479e-03	-1.305455e+01	-3.025310e-01
3.580206159945479e-03	-1.305465e+01	-5.838870e-01
3.594854597445478e-03	-1.305479e+01	-9.925290e-01
3.609503034945478e-03	-1.305492e+01	-1.385644e+00
3.630429374231192e-03	-1.305549e+01	-1.917919e+00
3.651355713516906e-03	-1.305572e+01	-2.424973e+00
3.672282052802619e-03	-1.305563e+01	-2.906806e+00
3.693208392088333e-03	-1.305519e+01	-3.363418e+00
3.714134731374047e-03	-1.305442e+01	-3.794810e+00
3.735061070659761e-03	-1.305332e+01	-4.200981e+00
3.755987409945475e-03	-1.305188e+01	-4.581931e+00
3.766450579588332e-03	-1.305106e+01	-4.765952e+00
3.776913749231189e-03	-1.304851e+01	-4.945150e+00
3.787376918874046e-03	-1.304424e+01	-5.119524e+00
3.797840088516902e-03	-1.303826e+01	-5.289074e+00
3.808303258159759e-03	-1.303055e+01	-5.453800e+00
3.818766427802616e-03	-1.302113e+01	-5.613703e+00
3.829229597445473e-03	-1.300999e+01	-5.768781e+00
3.838995222445473e-03	-1.299142e+01	-5.909559e+00
3.843878034945473e-03	-1.297678e+01	-5.978655e+00
3.844388567165452e-03	-1.297172e+01	-5.985804e+00
3.844687690972434e-03	-1.296738e+01	-5.989977e+00
3.844702473192134e-03	-1.296688e+01	-5.990183e+00
3.844732037631534e-03	-1.296551e+01	-5.990595e+00
3.844739428741384e-03	-1.296485e+01	-5.990698e+00
3.844754210961084e-03	-1.296221e+01	-5.990904e+00
3.844765116735377e-03	-1.295713e+01	-5.991056e+00
3.844780458050668e-03	-1.294066e+01	-5.991269e+00
3.844791583562336e-03	-1.291492e+01	-5.991423e+00
3.844801970912766e-03	-1.286614e+01	-5.991566e+00
3.844812079073118e-03	-1.276950e+01	-5.991703e+00
3.844823899373329e-03	-1.254329e+01	-5.991858e+00
3.844834836428068e-03	-1.211585e+01	-5.991992e+00
3.844846787854912e-03	-1.121481e+01	-5.992116e+00
3.844858523015032e-03	-9.693631e+00	-5.992200e+00
3.844872345754750e-03	-7.139017e+00	-5.992226e+00
3.844887275100379e-03	-3.904276e+00	-5.992147e+00
3.844903321348736e-03	-2.946080e-01	-5.991935e+00
3.844919011290964e-03	3.265450e+00	-5.991594e+00
3.844937163173524e-03	7.476259e+00	-5.991034e+00
3.844957093297022e-03	1.219234e+01	-5.990269e+00
3.844958954463850e-03	1.260458e+01	-5.990182e+00
3.844961274579482e-03	1.294727e+01	-5.990072e+00
3.844964056989600e-03	1.307982e+01	-5.989939e+00
3.844966552538498e-03	1.306781e+01	-5.989820e+00
3.844969362429433e-03	1.305182e+01	-5.989688e+00
3.844972327019863e-03	1.305213e+01	-5.989549e+00
3.844977264423032e-03	1.305206e+01	-5.989320e+00
3.844987139229370e-03	1.305296e+01	-5.988863e+00
3.845005208422196e-03	1.305318e+01	-5.988033e+00
3.845029251766046e-03	1.305320e+01	-5.986930e+00
3.845058156404616e-03	1.305318e+01	-5.985606e+00
3.863208324823816e-03	1.305342e+01	-5.178131e+00
3.881358493243016e-03	1.305365e+01	-4.404417e+00
3.899508661662215e-03	1.305388e+01	-3.664463e+00
3.917658830081415e-03	1.305411e+01	-2.958269e+00
3.935808998500614e-03	1.305433e+01	-2.285835e+00
3.953959166919815e-03	1.305455e+01	-1.647161e+00
3.972109335339014e-03	1.305477e+01	-1.042248e+00
3.981874960339014e-03	1.305488e+01	-7.265929e-01
3.991640585339014e-03	1.305498e+01	-4.189852e-01
3.996523397839014e-03	1.305503e+01	-2.681349e-01
4.001406210339013e-03	1.305508e+01	-1.192198e-01
4.006289022839013e-03	1.305513e+01	2.778469e-02
4.011171835339013e-03	1.305518e+01	1.729032e-01
4.016054647839013e-03	1.305523e+01	3.161600e-01
4.025820272839013e-03	1.305532e+01	5.971833e-01
4.040468710339013e-03	1.305546e+01	1.005342e+00
4.055117147839012e-03	1.305559e+01	1.397992e+00
4.076043487124727e-03	1.305616e+01	1.929638e+00
4.096969826410440e-03	1.305639e+01	2.436092e+00
4.117896165696154e-03	1.305629e+01	2.917355e+00
4.138822504981867e-03	1.305586e+01	3.373427e+00
4.159748844267582e-03	1.305509e+01	3.804308e+00
4.180675183553295e-03	1.305398e+01	4.209999e+00
4.201601522839009e-03	1.305254e+01	4.590498e+00
4.211367147839009e-03	1.305170e+01	4.762243e+00
4.221132772839009e-03	1.304931e+01	4.929764e+00
4.230898397839009e-03	1.304538e+01	5.093061e+00
4.240664022839008e-03	1.303988e+01	5.252135e+00
4.250429647839008e-03	1.303284e+01	5.406985e+00
4.260195272839008e-03	1.302425e+01	5.557610e+00
4.269960897839008e-03	1.301411e+01	5.704012e+00
4.274843710339008e-03	1.300714e+01	5.775791e+00
4.279726522839008e-03	1.300534e+01	5.846786e+00
4.280336874401508e-03	1.300353e+01	5.855587e+00
4.281557577526508e-03	1.299842e+01	5.873085e+00
4.284723815237072e-03	1.299093e+01	5.918169e+00
4.288083228895221e-03	1.298072e+01	5.965629e+00
4.288164590474391e-03	1.298034e+01	5.966771e+00
4.288490036791073e-03	1.297881e+01	5.971334e+00
4.288923965213314e-03	1.297590e+01	5.977406e+00
4.289791822057797e-03	1.296802e+01	5.989533e+00
4.289811897864947e-03	1.296764e+01	5.989813e+00
4.289852049479248e-03	1.296638e+01	5.990373e+00
4.289862087382823e-03	1.296585e+01	5.990513e+00
4.289882163189974e-03	1.296413e+01	5.990792e+00
4.289887182141762e-03	1.296329e+01	5.990862e+00
4.289897220045337e-03	1.295904e+01	5.991002e+00
4.289914321079699e-03	1.294272e+01	5.991240e+00
4.289926162226896e-03	1.291730e+01	5.991404e+00
4.289936896101547e-03	1.286919e+01	5.991551e+00
4.289947016396799e-03	1.277536e+01	5.991688e+00
4.289958972696508e-03	1.255257e+01	5.991845e+00
4.289969872884547e-03	1.213598e+01	5.991979e+00
4.289981880701823e-03	1.124785e+01	5.992105e+00
4.289993565013447e-03	9.754281e+00	5.992191e+00
4.290007334169081e-03	7.228651e+00	5.992218e+00
4.290022252538277e-03	4.004598e+00	5.992143e+00
4.290038348876702e-03	3.847278e-01	5.991934e+00
4.290054057907918e-03	-3.178790e+00	5.991596e+00
4.290072353061516e-03	-7.420948e+00	5.991034e+00
4.290091321773972e-03	-1.190609e+01	5.990314e+00
4.290092498559268e-03	-1.218316e+01	5.990262e+00
4.290094852129859e-03	-1.267213e+01	5.990152e+00
4.290097383917778e-03	-1.298922e+01	5.990031e+00
4.290100372913093e-03	-1.308148e+01	5.989889e+00
4.290102598251818e-03	-1.306450e+01	5.989783e+00
4.290105613661528e-03	-1.305226e+01	5.989642e+00
4.290109009029739e-03	-1.305343e+01	5.989483e+00
4.290113687687482e-03	-1.305286e+01	5.989265e+00
4.290123045002966e-03	-1.305282e+01	5.988833e+00
4.290141759633936e-03	-1.305290e+01	5.987974e+00
4.290165673543276e-03	-1.305296e+01	5.986877e+00
4.290195678189728e-03	-1.305294e+01	5.985502e+00
4.308425008019779e-03	-1.305319e+01	5.174636e+00
4.326654337849828e-03	-1.305344e+01	4.397801e+00
4.344883667679878e-03	-1.305368e+01	3.654997e+00
4.363112997509928e-03	-1.305391e+01	2.946224e+00
4.381342327339978e-03	-1.305414e+01	2.271483e+00
4.399571657170027e-03	-1.305436e+01	1.630774e+00
4.417800987000078e-03	-1.305457e+01	1.024095e+00
4.427566612000077e-03	-1.305468e+01	7.089077e-01
4.437332237000077e-03	-1.305478e+01	4.017555e-01
4.442215049500077e-03	-1.305483e+01	2.511285e-01
4.447097862000077e-03	-1.305488e+01	1.024340e-01
4.451980674500077e-03	-1.305493e+01	-4.435290e-02
4.456863487000077e-03	-1.305498e+01	-1.892566e-01
4.461746299500077e-03	-1.305503e+01	-3.323013e-01
4.471511924500076e-03	-1.305512e+01	-6.129085e-01
4.486160362000076e-03	-1.305526e+01	-1.020463e+00
4.500808799500076e-03	-1.305539e+01	-1.412532e+00
4.521735138785790e-03	-1.305597e+01	-1.943391e+00
4.542661478071503e-03	-1.305620e+01	-2.449095e+00
4.563587817357218e-03	-1.305609e+01	-2.929646e+00
4.584514156642931e-03	-1.305564e+01	-3.385042e+00
4.605440495928645e-03	-1.305485e+01	-3.815284e+00
4.626366835214358e-03	-1.305371e+01	-4.220371e+00
4.647293174500073e-03	-1.305223e+01	-4.600305e+00
4.657058799500072e-03	-1.305138e+01	-4.771790e+00
4.666824424500072e-03	-1.304899e+01	-4.939060e+00
4.676590049500072e-03	-1.304505e+01	-5.102112e+00
4.686355674500072e-03	-1.303957e+01	-5.260948e+00
4.696121299500072e-03	-1.303255e+01	-5.415567e+00
4.705886924500071e-03	-1.302399e+01	-5.565969e+00
4.715652549500071e-03	-1.301388e+01	-5.712154e+00
4.720535362000071e-03	-1.300704e+01	-5.783826e+00
4.725418174500071e-03	-1.300395e+01	-5.854717e+00
4.727249229187571e-03	-1.299729e+01	-5.880973e+00
4.730378154102227e-03	-1.298951e+01	-5.925454e+00
4.733689184907024e-03	-1.297797e+01	-5.972130e+00
4.734452124360149e-03	-1.297379e+01	-5.982822e+00
4.734786905983503e-03	-1.297065e+01	-5.987498e+00
4.734925066579991e-03	-1.296843e+01	-5.989425e+00
4.734974409650165e-03	-1.296717e+01	-5.990113e+00
4.734999081185252e-03	-1.296623e+01	-5.990457e+00
4.735008949799287e-03	-1.296550e+01	-5.990594e+00
4.735028687027357e-03	-1.296310e+01	-5.990869e+00
4.735033621334374e-03	-1.296184e+01	-5.990938e+00
4.735043489948409e-03	-1.295628e+01	-5.991075e+00
4.735058018283407e-03	-1.293960e+01	-5.991277e+00
4.735068810381401e-03	-1.291372e+01	-5.991426e+00
4.735079032243572e-03	-1.286464e+01	-5.991566e+00
4.735089135364806e-03	-1.276660e+01	-5.991703e+00
4.735100891125947e-03	-1.253871e+01	-5.991857e+00
4.735111846377357e-03	-1.210592e+01	-5.991991e+00
4.735123770991469e-03	-1.119856e+01	-5.992115e+00
4.735135531261590e-03	-9.663830e+00	-5.992198e+00
4.735149381500378e-03	-7.094801e+00	-5.992222e+00
4.735164344679643e-03	-3.848723e+00	-5.992142e+00
4.735180362757879e-03	-2.449417e-01	-5.991929e+00
4.735196044194374e-03	3.313719e+00	-5.991586e+00
4.735214134246377e-03	7.511280e+00	-5.991026e+00
4.735233991728142e-03	1.221077e+01	-5.990263e+00
4.735235670808489e-03	1.258418e+01	-5.990184e+00
4.735237992408243e-03	1.293599e+01	-5.990074e+00
4.735240694417241e-03	1.307741e+01	-5.989945e+00
4.735243249448317e-03	1.306900e+01	-5.989824e+00
4.735246080460670e-03	1.305237e+01	-5.989690e+00
4.735248993418035e-03	1.305215e+01	-5.989554e+00
4.735254342638205e-03	1.305209e+01	-5.989305e+00
4.735265041078546e-03	1.305292e+01	-5.988811e+00
4.735283226424396e-03	1.305313e+01	-5.987975e+00
4.735307338088315e-03	1.305315e+01	-5.986870e+00
4.735336717708994e-03	1.305314e+01	-5.985524e+00
4.753521197894059e-03	1.305338e+01	-5.176578e+00
4.771705678079125e-03	1.305361e+01	-4.401511e+00
4.789890158264191e-03	1.305384e+01	-3.660321e+00
4.808074638449257e-03	1.305407e+01	-2.953008e+00
4.826259118634322e-03	1.305430e+01	-2.279574e+00
4.844443598819389e-03	1.305452e+01	-1.640017e+00
4.862628079004454e-03	1.305473e+01	-1.034337e+00
4.872393704004454e-03	1.305484e+01	-7.188849e-01
4.882159329004454e-03	1.305494e+01	-4.114747e-01
4.887042141504453e-03	1.305499e+01	-2.607211e-01
4.891924954004453e-03	1.305504e+01	-1.119016e-01
4.896807766504453e-03	1.305509e+01	3.500856e-02
4.901690579004453e-03	1.305514e+01	1.800340e-01
4.906573391504453e-03	1.305519e+01	3.231988e-01
4.916339016504453e-03	1.305529e+01	6.040419e-01
4.930987454004452e-03	1.305542e+01	1.011939e+00
4.945635891504452e-03	1.305555e+01	1.404337e+00
4.952611337933024e-03	1.305561e+01	1.585770e+00
4.959586784361595e-03	1.305567e+01	1.764033e+00
4.966562230790166e-03	1.305572e+01	1.939125e+00
4.973537677218737e-03	1.305577e+01	2.111047e+00
4.980513123647308e-03	1.305582e+01	2.279798e+00
4.987488570075880e-03	1.305586e+01	2.445379e+00
4.994464016504451e-03	1.305590e+01	2.607789e+00
4.999346829004451e-03	1.305592e+01	2.720117e+00
5.000000000000000e-03	1.305593e+01	2.735040e+00
