x i1 i2 i3 i4 i5 i6
0.00 0.000000 -0.000010 -0.000020 -0.000030 -0.000040 -0.000049
0.01 0.000000 -0.000006 -0.000013 -0.000019 -0.000026 -0.000032
0.02 0.000000 -0.000001 -0.000003 -0.000004 -0.000006 -0.000007
0.03 0.000000 0.000006 0.000012 0.000017 0.000023 0.000029
0.04 0.000000 0.000016 0.000033 0.000049 0.000065 0.000082
0.05 0.000000 0.000031 0.000063 0.000094 0.000125 0.000157
0.06 0.000000 0.000053 0.000106 0.000158 0.000211 0.000263
0.07 0.000000 0.000082 0.000165 0.000248 0.000330 0.000412
0.08 0.000000 0.000123 0.000248 0.000372 0.000495 0.000616
0.09 0.000000 0.000178 0.000359 0.000539 0.000716 0.000891
0.10 0.000000 0.000249 0.000504 0.000756 0.001004 0.001248
0.11 0.000000 0.000339 0.000687 0.001031 0.001368 0.001697
0.12 0.000000 0.000445 0.000908 0.001362 0.001806 0.002237
0.13 0.000000 0.000566 0.001159 0.001742 0.002309 0.002857
0.14 0.000000 0.000694 0.001431 0.002155 0.002857 0.003534
0.15 0.000000 0.000822 0.001706 0.002576 0.003420 0.004233
0.16 0.000000 0.000940 0.001967 0.002982 0.003966 0.004916
0.17 0.000000 0.001044 0.002200 0.003349 0.004466 0.005546
0.18 0.000000 0.001130 0.002397 0.003662 0.004899 0.006098
0.19 0.000000 0.001197 0.002554 0.003917 0.005256 0.006557
0.20 0.000000 0.001248 0.002675 0.004116 0.005536 0.006923
0.21 0.000000 0.001285 0.002765 0.004265 0.005750 0.007203
0.22 0.000000 0.001312 0.002830 0.004375 0.005907 0.007411
0.23 0.000000 0.001331 0.002877 0.004453 0.006020 0.007562
0.24 0.000000 0.001345 0.002910 0.004509 0.006101 0.007670
0.25 0.000000 0.001354 0.002933 0.004547 0.006157 0.007746
0.26 0.000000 0.001361 0.002949 0.004574 0.006197 0.007799
0.27 0.000000 0.001365 0.002960 0.004593 0.006224 0.007836
0.28 0.000000 0.001368 0.002968 0.004606 0.006243 0.007861
0.29 0.000000 0.001370 0.002973 0.004615 0.006256 0.007879
0.30 0.000000 0.001372 0.002977 0.004622 0.006266 0.007892
0.31 0.000000 0.001373 0.002980 0.004626 0.006273 0.007901
0.32 0.000000 0.001374 0.002982 0.004630 0.006277 0.007907
0.33 0.000000 0.001374 0.002983 0.004632 0.006281 0.007912
0.34 0.000000 0.001375 0.002984 0.004634 0.006284 0.007916
0.35 0.000000 0.001375 0.002985 0.004636 0.006286 0.007918
0.36 0.000000 0.001376 0.002986 0.004637 0.006287 0.007921
0.37 0.000000 0.001376 0.002986 0.004638 0.006289 0.007922
0.38 0.000000 0.001376 0.002987 0.004639 0.006290 0.007924
0.39 0.000000 0.001376 0.002987 0.004640 0.006291 0.007925
0.40 0.000000 0.001377 0.002988 0.004640 0.006292 0.007927
0.41 0.000000 0.001377 0.002988 0.004641 0.006293 0.007928
0.42 0.000000 0.001377 0.002989 0.004642 0.006294 0.007929
0.43 0.000000 0.001377 0.002989 0.004642 0.006295 0.007930
0.44 0.000000 0.001377 0.002990 0.004643 0.006296 0.007931
0.45 0.000000 0.001378 0.002990 0.004644 0.006297 0.007933
0.46 0.000000 0.001378 0.002991 0.004644 0.006298 0.007934
0.47 0.000000 0.001378 0.002991 0.004645 0.006299 0.007935
0.48 0.000000 0.001378 0.002991 0.004646 0.006299 0.007936
0.49 0.000000 0.001378 0.002992 0.004646 0.006300 0.007937
0.50 0.000000 0.001379 0.002992 0.004647 0.006301 0.007938
0.51 0.000000 0.001379 0.002993 0.004647 0.006302 0.007939
0.52 0.000000 0.001379 0.002993 0.004648 0.006303 0.007940
0.53 0.000000 0.001379 0.002993 0.004649 0.006304 0.007941
0.54 0.000000 0.001379 0.002994 0.004649 0.006305 0.007942
0.55 0.000000 0.001379 0.002994 0.004650 0.006305 0.007943
0.56 0.000000 0.001380 0.002995 0.004651 0.006306 0.007944
0.57 0.000000 0.001380 0.002995 0.004651 0.006307 0.007946
0.58 0.000000 0.001380 0.002995 0.004652 0.006308 0.007947
0.59 0.000000 0.001380 0.002996 0.004653 0.006309 0.007948
0.60 0.000000 0.001380 0.002996 0.004653 0.006310 0.007949
0.61 0.000000 0.001381 0.002997 0.004654 0.006310 0.007950
0.62 0.000000 0.001381 0.002997 0.004654 0.006311 0.007951
0.63 0.000000 0.001381 0.002997 0.004655 0.006312 0.007952
0.64 0.000000 0.001381 0.002998 0.004656 0.006313 0.007953
0.65 0.000000 0.001381 0.002998 0.004656 0.006314 0.007954
0.66 0.000000 0.001382 0.002999 0.004657 0.006315 0.007955
0.67 0.000000 0.001382 0.002999 0.004658 0.006316 0.007956
0.68 0.000000 0.001382 0.002999 0.004658 0.006316 0.007957
0.69 0.000000 0.001382 0.003000 0.004659 0.006317 0.007958
0.70 0.000000 0.001382 0.003000 0.004659 0.006318 0.007960
0.71 0.000000 0.001382 0.003001 0.004660 0.006319 0.007961
0.72 0.000000 0.001383 0.003001 0.004661 0.006320 0.007962
0.73 0.000000 0.001383 0.003001 0.004661 0.006321 0.007963
0.74 0.000000 0.001383 0.003002 0.004662 0.006322 0.007964
0.75 0.000000 0.001383 0.003002 0.004663 0.006322 0.007965
0.76 0.000000 0.001383 0.003003 0.004663 0.006323 0.007966
0.77 0.000000 0.001384 0.003003 0.004664 0.006324 0.007967
0.78 0.000000 0.001384 0.003003 0.004664 0.006325 0.007968
0.79 0.000000 0.001384 0.003004 0.004665 0.006326 0.007969
0.80 0.000000 0.001384 0.003004 0.004666 0.006327 0.007970
0.81 0.000000 0.001384 0.003005 0.004666 0.006328 0.007971
0.82 0.000000 0.001385 0.003005 0.004667 0.006328 0.007972
0.83 0.000000 0.001385 0.003006 0.004668 0.006329 0.007974
0.84 0.000000 0.001385 0.003006 0.004668 0.006330 0.007975
0.85 0.000000 0.001385 0.003006 0.004669 0.006331 0.007976
0.86 0.000000 0.001385 0.003007 0.004670 0.006332 0.007977
0.87 0.000000 0.001385 0.003007 0.004670 0.006333 0.007978
0.88 0.000000 0.001386 0.003008 0.004671 0.006334 0.007979
0.89 0.000000 0.001386 0.003008 0.004671 0.006334 0.007980
0.90 0.000000 0.001386 0.003008 0.004672 0.006335 0.007981
0.91 0.000000 0.001386 0.003009 0.004673 0.006336 0.007982
0.92 0.000000 0.001386 0.003009 0.004673 0.006337 0.007983
0.93 0.000000 0.001387 0.003010 0.004674 0.006338 0.007984
0.94 0.000000 0.001387 0.003010 0.004675 0.006339 0.007985
0.95 0.000000 0.001387 0.003010 0.004675 0.006340 0.007986
0.96 0.000000 0.001387 0.003011 0.004676 0.006340 0.007987
0.97 0.000000 0.001387 0.003011 0.004676 0.006341 0.007989
0.98 0.000000 0.001388 0.003012 0.004677 0.006342 0.007990
0.99 0.000000 0.001388 0.003012 0.004678 0.006343 0.007991
1.00 0.000000 0.001388 0.003012 0.004678 0.006344 0.007992
1.01 0.000000 0.001388 0.003013 0.004679 0.006345 0.007993
1.02 0.000000 0.001388 0.003013 0.004680 0.006345 0.007994
1.03 0.000000 0.001388 0.003014 0.004680 0.006346 0.007995
1.04 0.000000 0.001389 0.003014 0.004681 0.006347 0.007996
1.05 0.000000 0.001389 0.003014 0.004681 0.006348 0.007997
1.06 0.000000 0.001389 0.003015 0.004682 0.006349 0.007998
1.07 0.000000 0.001389 0.003015 0.004683 0.006350 0.007999
1.08 0.000000 0.001389 0.003016 0.004683 0.006351 0.008000
1.09 0.000000 0.001390 0.003016 0.004684 0.006351 0.008001
1.10 0.000000 0.001390 0.003016 0.004685 0.006352 0.008003
1.11 0.000000 0.001390 0.003017 0.004685 0.006353 0.008004
1.12 0.000000 0.001390 0.003017 0.004686 0.006354 0.008005
1.13 0.000000 0.001390 0.003018 0.004687 0.006355 0.008006
1.14 0.000000 0.001390 0.003018 0.004687 0.006356 0.008007
1.15 0.000000 0.001391 0.003018 0.004688 0.006357 0.008008
1.16 0.000000 0.001391 0.003019 0.004688 0.006357 0.008009
1.17 0.000000 0.001391 0.003019 0.004689 0.006358 0.008010
1.18 0.000000 0.001391 0.003020 0.004690 0.006359 0.008011
1.19 0.000000 0.001391 0.003020 0.004690 0.006360 0.008012
1.20 0.000000 0.001392 0.003021 0.004691 0.006361 0.008013
1.21 0.000000 0.001392 0.003021 0.004692 0.006362 0.008014
1.22 0.000000 0.001392 0.003021 0.004692 0.006363 0.008015
1.23 0.000000 0.001392 0.003022 0.004693 0.006363 0.008017
1.24 0.000000 0.001392 0.003022 0.004693 0.006364 0.008018
1.25 0.000000 0.001393 0.003023 0.004694 0.006365 0.008019
1.26 0.000000 0.001393 0.003023 0.004695 0.006366 0.008020
1.27 0.000000 0.001393 0.003023 0.004695 0.006367 0.008021
1.28 0.000000 0.001393 0.003024 0.004696 0.006368 0.008022
1.29 0.000000 0.001393 0.003024 0.004697 0.006369 0.008023
1.30 0.000000 0.001393 0.003025 0.004697 0.006369 0.008024
1.31 0.000000 0.001394 0.003025 0.004698 0.006370 0.008025
1.32 0.000000 0.001394 0.003025 0.004698 0.006371 0.008026
1.33 0.000000 0.001394 0.003026 0.004699 0.006372 0.008027
1.34 0.000000 0.001394 0.003026 0.004700 0.006373 0.008028
1.35 0.000000 0.001394 0.003027 0.004700 0.006374 0.008029
1.36 0.000000 0.001395 0.003027 0.004701 0.006375 0.008031
1.37 0.000000 0.001395 0.003027 0.004702 0.006375 0.008032
1.38 0.000000 0.001395 0.003028 0.004702 0.006376 0.008033
1.39 0.000000 0.001395 0.003028 0.004703 0.006377 0.008034
1.40 0.000000 0.001395 0.003029 0.004704 0.006378 0.008035
1.41 0.000000 0.001396 0.003029 0.004704 0.006379 0.008036
1.42 0.000000 0.001396 0.003029 0.004705 0.006380 0.008037
1.43 0.000000 0.001396 0.003030 0.004705 0.006380 0.008038
1.44 0.000000 0.001396 0.003030 0.004706 0.006381 0.008039
1.45 0.000000 0.001396 0.003031 0.004707 0.006382 0.008040
1.46 0.000000 0.001396 0.003031 0.004707 0.006383 0.008041
1.47 0.000000 0.001397 0.003031 0.004708 0.006384 0.008042
1.48 0.000000 0.001397 0.003032 0.004709 0.006385 0.008043
1.49 0.000000 0.001397 0.003032 0.004709 0.006386 0.008044
1.50 0.000000 0.001397 0.003033 0.004710 0.006386 0.008046
1.51 0.000000 0.001397 0.003033 0.004710 0.006387 0.008047
1.52 0.000000 0.001398 0.003033 0.004711 0.006388 0.008048
1.53 0.000000 0.001398 0.003034 0.004712 0.006389 0.008049
1.54 0.000000 0.001398 0.003034 0.004712 0.006390 0.008050
1.55 0.000000 0.001398 0.003035 0.004713 0.006391 0.008051
1.56 0.000000 0.001398 0.003035 0.004714 0.006392 0.008052
1.57 0.000000 0.001399 0.003036 0.004714 0.006392 0.008053
1.58 0.000000 0.001399 0.003036 0.004715 0.006393 0.008054
1.59 0.000000 0.001399 0.003036 0.004715 0.006394 0.008055
1.60 0.000000 0.001399 0.003037 0.004716 0.006395 0.008056
1.61 0.000000 0.001399 0.003037 0.004717 0.006396 0.008057
1.62 0.000000 0.001399 0.003038 0.004717 0.006397 0.008058
1.63 0.000000 0.001400 0.003038 0.004718 0.006398 0.008060
1.64 0.000000 0.001400 0.003038 0.004719 0.006398 0.008061
1.65 0.000000 0.001400 0.003039 0.004719 0.006399 0.008062
1.66 0.000000 0.001400 0.003039 0.004720 0.006400 0.008063
1.67 0.000000 0.001400 0.003040 0.004721 0.006401 0.008064
1.68 0.000000 0.001401 0.003040 0.004721 0.006402 0.008065
1.69 0.000000 0.001401 0.003040 0.004722 0.006403 0.008066
1.70 0.000000 0.001401 0.003041 0.004722 0.006404 0.008067
1.71 0.000000 0.001401 0.003041 0.004723 0.006404 0.008068
1.72 0.000000 0.001401 0.003042 0.004724 0.006405 0.008069
1.73 0.000000 0.001402 0.003042 0.004724 0.006406 0.008070
1.74 0.000000 0.001402 0.003042 0.004725 0.006407 0.008071
1.75 0.000000 0.001402 0.003043 0.004726 0.006408 0.008072
1.76 0.000000 0.001402 0.003043 0.004726 0.006409 0.008074
1.77 0.000000 0.001402 0.003044 0.004727 0.006410 0.008075
1.78 0.000000 0.001402 0.003044 0.004727 0.006410 0.008076
1.79 0.000000 0.001403 0.003044 0.004728 0.006411 0.008077
1.80 0.000000 0.001403 0.003045 0.004729 0.006412 0.008078
1.81 0.000000 0.001403 0.003045 0.004729 0.006413 0.008079
1.82 0.000000 0.001403 0.003046 0.004730 0.006414 0.008080
1.83 0.000000 0.001403 0.003046 0.004731 0.006415 0.008081
1.84 0.000000 0.001404 0.003046 0.004731 0.006415 0.008082
1.85 0.000000 0.001404 0.003047 0.004732 0.006416 0.008083
1.86 0.000000 0.001404 0.003047 0.004732 0.006417 0.008084
1.87 0.000000 0.001404 0.003048 0.004733 0.006418 0.008085
1.88 0.000000 0.001404 0.003048 0.004734 0.006419 0.008086
1.89 0.000000 0.001404 0.003048 0.004734 0.006420 0.008088
1.90 0.000000 0.001405 0.003049 0.004735 0.006421 0.008089
1.91 0.000000 0.001405 0.003049 0.004736 0.006421 0.008090
1.92 0.000000 0.001405 0.003050 0.004736 0.006422 0.008091
1.93 0.000000 0.001405 0.003050 0.004737 0.006423 0.008092
1.94 0.000000 0.001405 0.003050 0.004737 0.006424 0.008093
1.95 0.000000 0.001406 0.003051 0.004738 0.006425 0.008094
1.96 0.000000 0.001406 0.003051 0.004739 0.006426 0.008095
1.97 0.000000 0.001406 0.003052 0.004739 0.006427 0.008096
1.98 0.000000 0.001406 0.003052 0.004740 0.006427 0.008097
1.99 0.000000 0.001406 0.003053 0.004741 0.006428 0.008098
2.00 0.000000 0.001407 0.003053 0.004741 0.006429 0.008099
2.01 0.000000 0.001407 0.003053 0.004742 0.006430 0.008100
2.02 0.000000 0.001407 0.003054 0.004743 0.006431 0.008101
2.03 0.000000 0.001407 0.003054 0.004743 0.006432 0.008103
2.04 0.000000 0.001407 0.003055 0.004744 0.006433 0.008104
2.05 0.000000 0.001407 0.003055 0.004744 0.006433 0.008105
2.06 0.000000 0.001408 0.003055 0.004745 0.006434 0.008106
2.07 0.000000 0.001408 0.003056 0.004746 0.006435 0.008107
2.08 0.000000 0.001408 0.003056 0.004746 0.006436 0.008108
2.09 0.000000 0.001408 0.003057 0.004747 0.006437 0.008109
2.10 0.000000 0.001408 0.003057 0.004748 0.006438 0.008110
2.11 0.000000 0.001409 0.003057 0.004748 0.006439 0.008111
2.12 0.000000 0.001409 0.003058 0.004749 0.006439 0.008112
2.13 0.000000 0.001409 0.003058 0.004749 0.006440 0.008113
2.14 0.000000 0.001409 0.003059 0.004750 0.006441 0.008114
2.15 0.000000 0.001409 0.003059 0.004751 0.006442 0.008115
2.16 0.000000 0.001410 0.003059 0.004751 0.006443 0.008117
2.17 0.000000 0.001410 0.003060 0.004752 0.006444 0.008118
2.18 0.000000 0.001410 0.003060 0.004753 0.006445 0.008119
2.19 0.000000 0.001410 0.003061 0.004753 0.006445 0.008120
2.20 0.000000 0.001410 0.003061 0.004754 0.006446 0.008121
2.21 0.000000 0.001410 0.003061 0.004754 0.006447 0.008122
2.22 0.000000 0.001411 0.003062 0.004755 0.006448 0.008123
2.23 0.000000 0.001411 0.003062 0.004756 0.006449 0.008124
2.24 0.000000 0.001411 0.003063 0.004756 0.006450 0.008125
2.25 0.000000 0.001411 0.003063 0.004757 0.006450 0.008126
2.26 0.000000 0.001411 0.003063 0.004758 0.006451 0.008127
2.27 0.000000 0.001412 0.003064 0.004758 0.006452 0.008128
2.28 0.000000 0.001412 0.003064 0.004759 0.006453 0.008129
2.29 0.000000 0.001412 0.003065 0.004760 0.006454 0.008131
2.30 0.000000 0.001412 0.003065 0.004760 0.006455 0.008132
2.31 0.000000 0.001412 0.003065 0.004761 0.006456 0.008133
2.32 0.000000 0.001413 0.003066 0.004761 0.006456 0.008134
2.33 0.000000 0.001413 0.003066 0.004762 0.006457 0.008135
2.34 0.000000 0.001413 0.003067 0.004763 0.006458 0.008136
2.35 0.000000 0.001413 0.003067 0.004763 0.006459 0.008137
2.36 0.000000 0.001413 0.003068 0.004764 0.006460 0.008138
2.37 0.000000 0.001413 0.003068 0.004765 0.006461 0.008139
2.38 0.000000 0.001414 0.003068 0.004765 0.006462 0.008140
2.39 0.000000 0.001414 0.003069 0.004766 0.006462 0.008141
2.40 0.000000 0.001414 0.003069 0.004766 0.006463 0.008142
2.41 0.000000 0.001414 0.003070 0.004767 0.006464 0.008143
2.42 0.000000 0.001414 0.003070 0.004768 0.006465 0.008145
2.43 0.000000 0.001415 0.003070 0.004768 0.006466 0.008146
2.44 0.000000 0.001415 0.003071 0.004769 0.006467 0.008147
2.45 0.000000 0.001415 0.003071 0.004770 0.006468 0.008148
2.46 0.000000 0.001415 0.003072 0.004770 0.006468 0.008149
2.47 0.000000 0.001415 0.003072 0.004771 0.006469 0.008150
2.48 0.000000 0.001415 0.003072 0.004771 0.006470 0.008151
2.49 0.000000 0.001416 0.003073 0.004772 0.006471 0.008152
2.50 0.000000 0.001416 0.003073 0.004773 0.006472 0.008153
2.51 0.000000 0.001416 0.003074 0.004773 0.006473 0.008154
2.52 0.000000 0.001416 0.003074 0.004774 0.006474 0.008155
2.53 0.000000 0.001416 0.003074 0.004775 0.006474 0.008156
2.54 0.000000 0.001417 0.003075 0.004775 0.006475 0.008157
2.55 0.000000 0.001417 0.003075 0.004776 0.006476 0.008158
2.56 0.000000 0.001417 0.003076 0.004777 0.006477 0.008160
2.57 0.000000 0.001417 0.003076 0.004777 0.006478 0.008161
2.58 0.000000 0.001417 0.003076 0.004778 0.006479 0.008162
2.59 0.000000 0.001418 0.003077 0.004778 0.006480 0.008163
2.60 0.000000 0.001418 0.003077 0.004779 0.006480 0.008164
2.61 0.000000 0.001418 0.003078 0.004780 0.006481 0.008165
2.62 0.000000 0.001418 0.003078 0.004780 0.006482 0.008166
2.63 0.000000 0.001418 0.003078 0.004781 0.006483 0.008167
2.64 0.000000 0.001418 0.003079 0.004782 0.006484 0.008168
2.65 0.000000 0.001419 0.003079 0.004782 0.006485 0.008169
2.66 0.000000 0.001419 0.003080 0.004783 0.006485 0.008170
2.67 0.000000 0.001419 0.003080 0.004783 0.006486 0.008171
2.68 0.000000 0.001419 0.003080 0.004784 0.006487 0.008172
2.69 0.000000 0.001419 0.003081 0.004785 0.006488 0.008174
2.70 0.000000 0.001420 0.003081 0.004785 0.006489 0.008175
2.71 0.000000 0.001420 0.003082 0.004786 0.006490 0.008176
2.72 0.000000 0.001420 0.003082 0.004787 0.006491 0.008177
2.73 0.000000 0.001420 0.003083 0.004787 0.006491 0.008178
2.74 0.000000 0.001420 0.003083 0.004788 0.006492 0.008179
2.75 0.000000 0.001421 0.003083 0.004788 0.006493 0.008180
2.76 0.000000 0.001421 0.003084 0.004789 0.006494 0.008181
2.77 0.000000 0.001421 0.003084 0.004790 0.006495 0.008182
2.78 0.000000 0.001421 0.003085 0.004790 0.006496 0.008183
2.79 0.000000 0.001421 0.003085 0.004791 0.006497 0.008184
2.80 0.000000 0.001421 0.003085 0.004792 0.006497 0.008185
2.81 0.000000 0.001422 0.003086 0.004792 0.006498 0.008186
2.82 0.000000 0.001422 0.003086 0.004793 0.006499 0.008188
2.83 0.000000 0.001422 0.003087 0.004794 0.006500 0.008189
2.84 0.000000 0.001422 0.003087 0.004794 0.006501 0.008190
2.85 0.000000 0.001422 0.003087 0.004795 0.006502 0.008191
2.86 0.000000 0.001423 0.003088 0.004795 0.006503 0.008192
2.87 0.000000 0.001423 0.003088 0.004796 0.006503 0.008193
2.88 0.000000 0.001423 0.003089 0.004797 0.006504 0.008194
2.89 0.000000 0.001423 0.003089 0.004797 0.006505 0.008195
2.90 0.000000 0.001423 0.003089 0.004798 0.006506 0.008196
2.91 0.000000 0.001424 0.003090 0.004799 0.006507 0.008197
2.92 0.000000 0.001424 0.003090 0.004799 0.006508 0.008198
2.93 0.000000 0.001424 0.003091 0.004800 0.006509 0.008199
2.94 0.000000 0.001424 0.003091 0.004800 0.006509 0.008200
2.95 0.000000 0.001424 0.003091 0.004801 0.006510 0.008202
2.96 0.000000 0.001424 0.003092 0.004802 0.006511 0.008203
2.97 0.000000 0.001425 0.003092 0.004802 0.006512 0.008204
2.98 0.000000 0.001425 0.003093 0.004803 0.006513 0.008205
2.99 0.000000 0.001425 0.003093 0.004804 0.006514 0.008206
3.00 0.000000 0.001425 0.003093 0.004804 0.006515 0.008207
3.01 0.000000 0.001425 0.003094 0.004805 0.006515 0.008208
3.02 0.000000 0.001426 0.003094 0.004805 0.006516 0.008209
3.03 0.000000 0.001426 0.003095 0.004806 0.006517 0.008210
3.04 0.000000 0.001426 0.003095 0.004807 0.006518 0.008211
3.05 0.000000 0.001426 0.003095 0.004807 0.006519 0.008212
3.06 0.000000 0.001426 0.003096 0.004808 0.006520 0.008213
3.07 0.000000 0.001427 0.003096 0.004809 0.006520 0.008214
3.08 0.000000 0.001427 0.003097 0.004809 0.006521 0.008215
3.09 0.000000 0.001427 0.003097 0.004810 0.006522 0.008217
3.10 0.000000 0.001427 0.003098 0.004811 0.006523 0.008218
3.11 0.000000 0.001427 0.003098 0.004811 0.006524 0.008219
3.12 0.000000 0.001427 0.003098 0.004812 0.006525 0.008220
3.13 0.000000 0.001428 0.003099 0.004812 0.006526 0.008221
3.14 0.000000 0.001428 0.003099 0.004813 0.006526 0.008222
3.15 0.000000 0.001428 0.003100 0.004814 0.006527 0.008223
3.16 0.000000 0.001428 0.003100 0.004814 0.006528 0.008224
3.17 0.000000 0.001428 0.003100 0.004815 0.006529 0.008225
3.18 0.000000 0.001429 0.003101 0.004816 0.006530 0.008226
3.19 0.000000 0.001429 0.003101 0.004816 0.006531 0.008227
3.20 0.000000 0.001429 0.003102 0.004817 0.006532 0.008228
3.21 0.000000 0.001429 0.003102 0.004817 0.006532 0.008229
3.22 0.000000 0.001429 0.003102 0.004818 0.006533 0.008231
3.23 0.000000 0.001429 0.003103 0.004819 0.006534 0.008232
3.24 0.000000 0.001430 0.003103 0.004819 0.006535 0.008233
3.25 0.000000 0.001430 0.003104 0.004820 0.006536 0.008234
3.26 0.000000 0.001430 0.003104 0.004821 0.006537 0.008235
3.27 0.000000 0.001430 0.003104 0.004821 0.006538 0.008236
3.28 0.000000 0.001430 0.003105 0.004822 0.006538 0.008237
3.29 0.000000 0.001431 0.003105 0.004822 0.006539 0.008238
3.30 0.000000 0.001431 0.003106 0.004823 0.006540 0.008239
3.31 0.000000 0.001431 0.003106 0.004824 0.006541 0.008240
3.32 0.000000 0.001431 0.003106 0.004824 0.006542 0.008241
3.33 0.000000 0.001431 0.003107 0.004825 0.006543 0.008242
3.34 0.000000 0.001432 0.003107 0.004826 0.006544 0.008243
3.35 0.000000 0.001432 0.003108 0.004826 0.006544 0.008245
3.36 0.000000 0.001432 0.003108 0.004827 0.006545 0.008246
3.37 0.000000 0.001432 0.003108 0.004828 0.006546 0.008247
3.38 0.000000 0.001432 0.003109 0.004828 0.006547 0.008248
3.39 0.000000 0.001432 0.003109 0.004829 0.006548 0.008249
3.40 0.000000 0.001433 0.003110 0.004829 0.006549 0.008250
3.41 0.000000 0.001433 0.003110 0.004830 0.006549 0.008251
3.42 0.000000 0.001433 0.003110 0.004831 0.006550 0.008252
3.43 0.000000 0.001433 0.003111 0.004831 0.006551 0.008253
3.44 0.000000 0.001433 0.003111 0.004832 0.006552 0.008254
3.45 0.000000 0.001434 0.003112 0.004833 0.006553 0.008255
3.46 0.000000 0.001434 0.003112 0.004833 0.006554 0.008256
3.47 0.000000 0.001434 0.003113 0.004834 0.006555 0.008257
3.48 0.000000 0.001434 0.003113 0.004834 0.006555 0.008259
3.49 0.000000 0.001434 0.003113 0.004835 0.006556 0.008260
3.50 0.000000 0.001435 0.003114 0.004836 0.006557 0.008261
3.51 0.000000 0.001435 0.003114 0.004836 0.006558 0.008262
3.52 0.000000 0.001435 0.003115 0.004837 0.006559 0.008263
3.53 0.000000 0.001435 0.003115 0.004838 0.006560 0.008264
3.54 0.000000 0.001435 0.003115 0.004838 0.006561 0.008265
3.55 0.000000 0.001435 0.003116 0.004839 0.006561 0.008266
3.56 0.000000 0.001436 0.003116 0.004839 0.006562 0.008267
3.57 0.000000 0.001436 0.003117 0.004840 0.006563 0.008268
3.58 0.000000 0.001436 0.003117 0.004841 0.006564 0.008269
3.59 0.000000 0.001436 0.003117 0.004841 0.006565 0.008270
3.60 0.000000 0.001436 0.003118 0.004842 0.006566 0.008271
3.61 0.000000 0.001437 0.003118 0.004843 0.006567 0.008272
3.62 0.000000 0.001437 0.003119 0.004843 0.006567 0.008274
3.63 0.000000 0.001437 0.003119 0.004844 0.006568 0.008275
3.64 0.000000 0.001437 0.003119 0.004845 0.006569 0.008276
3.65 0.000000 0.001437 0.003120 0.004845 0.006570 0.008277
3.66 0.000000 0.001438 0.003120 0.004846 0.006571 0.008278
3.67 0.000000 0.001438 0.003121 0.004846 0.006572 0.008279
3.68 0.000000 0.001438 0.003121 0.004847 0.006573 0.008280
3.69 0.000000 0.001438 0.003121 0.004848 0.006573 0.008281
3.70 0.000000 0.001438 0.003122 0.004848 0.006574 0.008282
3.71 0.000000 0.001438 0.003122 0.004849 0.006575 0.008283
3.72 0.000000 0.001439 0.003123 0.004850 0.006576 0.008284
3.73 0.000000 0.001439 0.003123 0.004850 0.006577 0.008285
3.74 0.000000 0.001439 0.003123 0.004851 0.006578 0.008286
3.75 0.000000 0.001439 0.003124 0.004851 0.006579 0.008288
3.76 0.000000 0.001439 0.003124 0.004852 0.006579 0.008289
3.77 0.000000 0.001440 0.003125 0.004853 0.006580 0.008290
3.78 0.000000 0.001440 0.003125 0.004853 0.006581 0.008291
3.79 0.000000 0.001440 0.003125 0.004854 0.006582 0.008292
3.80 0.000000 0.001440 0.003126 0.004855 0.006583 0.008293
3.81 0.000000 0.001440 0.003126 0.004855 0.006584 0.008294
3.82 0.000000 0.001441 0.003127 0.004856 0.006584 0.008295
3.83 0.000000 0.001441 0.003127 0.004856 0.006585 0.008296
3.84 0.000000 0.001441 0.003127 0.004857 0.006586 0.008297
3.85 0.000000 0.001441 0.003128 0.004858 0.006587 0.008298
3.86 0.000000 0.001441 0.003128 0.004858 0.006588 0.008299
3.87 0.000000 0.001441 0.003129 0.004859 0.006589 0.008300
3.88 0.000000 0.001442 0.003129 0.004860 0.006590 0.008302
3.89 0.000000 0.001442 0.003130 0.004860 0.006590 0.008303
3.90 0.000000 0.001442 0.003130 0.004861 0.006591 0.008304
3.91 0.000000 0.001442 0.003130 0.004862 0.006592 0.008305
3.92 0.000000 0.001442 0.003131 0.004862 0.006593 0.008306
3.93 0.000000 0.001443 0.003131 0.004863 0.006594 0.008307
3.94 0.000000 0.001443 0.003132 0.004863 0.006595 0.008308
3.95 0.000000 0.001443 0.003132 0.004864 0.006596 0.008309
3.96 0.000000 0.001443 0.003132 0.004865 0.006596 0.008310
3.97 0.000000 0.001443 0.003133 0.004865 0.006597 0.008311
3.98 0.000000 0.001443 0.003133 0.004866 0.006598 0.008312
3.99 0.000000 0.001444 0.003134 0.004867 0.006599 0.008313
4.00 0.000000 0.001444 0.003134 0.004867 0.006600 0.008314
4.01 0.000000 0.001444 0.003134 0.004868 0.006601 0.008316
4.02 0.000000 0.001444 0.003135 0.004868 0.006602 0.008317
4.03 0.000000 0.001444 0.003135 0.004869 0.006602 0.008318
4.04 0.000000 0.001445 0.003136 0.004870 0.006603 0.008319
4.05 0.000000 0.001445 0.003136 0.004870 0.006604 0.008320
4.06 0.000000 0.001445 0.003136 0.004871 0.006605 0.008321
4.07 0.000000 0.001445 0.003137 0.004872 0.006606 0.008322
4.08 0.000000 0.001445 0.003137 0.004872 0.006607 0.008323
4.09 0.000000 0.001446 0.003138 0.004873 0.006608 0.008324
4.10 0.000000 0.001446 0.003138 0.004873 0.006608 0.008325
4.11 0.000000 0.001446 0.003138 0.004874 0.006609 0.008326
4.12 0.000000 0.001446 0.003139 0.004875 0.006610 0.008327
4.13 0.000000 0.001446 0.003139 0.004875 0.006611 0.008328
4.14 0.000000 0.001446 0.003140 0.004876 0.006612 0.008329
4.15 0.000000 0.001447 0.003140 0.004877 0.006613 0.008331
4.16 0.000000 0.001447 0.003140 0.004877 0.006614 0.008332
4.17 0.000000 0.001447 0.003141 0.004878 0.006614 0.008333
4.18 0.000000 0.001447 0.003141 0.004878 0.006615 0.008334
4.19 0.000000 0.001447 0.003142 0.004879 0.006616 0.008335
4.20 0.000000 0.001448 0.003142 0.004880 0.006617 0.008336
4.21 0.000000 0.001448 0.003142 0.004880 0.006618 0.008337
4.22 0.000000 0.001448 0.003143 0.004881 0.006619 0.008338
4.23 0.000000 0.001448 0.003143 0.004882 0.006619 0.008339
4.24 0.000000 0.001448 0.003144 0.004882 0.006620 0.008340
4.25 0.000000 0.001449 0.003144 0.004883 0.006621 0.008341
4.26 0.000000 0.001449 0.003145 0.004884 0.006622 0.008342
4.27 0.000000 0.001449 0.003145 0.004884 0.006623 0.008343
4.28 0.000000 0.001449 0.003145 0.004885 0.006624 0.008345
4.29 0.000000 0.001449 0.003146 0.004885 0.006625 0.008346
4.30 0.000000 0.001449 0.003146 0.004886 0.006625 0.008347
4.31 0.000000 0.001450 0.003147 0.004887 0.006626 0.008348
4.32 0.000000 0.001450 0.003147 0.004887 0.006627 0.008349
4.33 0.000000 0.001450 0.003147 0.004888 0.006628 0.008350
4.34 0.000000 0.001450 0.003148 0.004889 0.006629 0.008351
4.35 0.000000 0.001450 0.003148 0.004889 0.006630 0.008352
4.36 0.000000 0.001451 0.003149 0.004890 0.006631 0.008353
4.37 0.000000 0.001451 0.003149 0.004890 0.006631 0.008354
4.38 0.000000 0.001451 0.003149 0.004891 0.006632 0.008355
4.39 0.000000 0.001451 0.003150 0.004892 0.006633 0.008356
4.40 0.000000 0.001451 0.003150 0.004892 0.006634 0.008357
4.41 0.000000 0.001452 0.003151 0.004893 0.006635 0.008359
4.42 0.000000 0.001452 0.003151 0.004894 0.006636 0.008360
4.43 0.000000 0.001452 0.003151 0.004894 0.006637 0.008361
4.44 0.000000 0.001452 0.003152 0.004895 0.006637 0.008362
4.45 0.000000 0.001452 0.003152 0.004895 0.006638 0.008363
4.46 0.000000 0.001452 0.003153 0.004896 0.006639 0.008364
4.47 0.000000 0.001453 0.003153 0.004897 0.006640 0.008365
4.48 0.000000 0.001453 0.003153 0.004897 0.006641 0.008366
4.49 0.000000 0.001453 0.003154 0.004898 0.006642 0.008367
4.50 0.000000 0.001453 0.003154 0.004899 0.006643 0.008368
4.51 0.000000 0.001453 0.003155 0.004899 0.006643 0.008369
4.52 0.000000 0.001454 0.003155 0.004900 0.006644 0.008370
4.53 0.000000 0.001454 0.003155 0.004901 0.006645 0.008371
4.54 0.000000 0.001454 0.003156 0.004901 0.006646 0.008373
4.55 0.000000 0.001454 0.003156 0.004902 0.006647 0.008374
4.56 0.000000 0.001454 0.003157 0.004902 0.006648 0.008375
4.57 0.000000 0.001455 0.003157 0.004903 0.006649 0.008376
4.58 0.000000 0.001455 0.003157 0.004904 0.006649 0.008377
4.59 0.000000 0.001455 0.003158 0.004904 0.006650 0.008378
4.60 0.000000 0.001455 0.003158 0.004905 0.006651 0.008379
4.61 0.000000 0.001455 0.003159 0.004906 0.006652 0.008380
4.62 0.000000 0.001455 0.003159 0.004906 0.006653 0.008381
4.63 0.000000 0.001456 0.003160 0.004907 0.006654 0.008382
4.64 0.000000 0.001456 0.003160 0.004907 0.006654 0.008383
4.65 0.000000 0.001456 0.003160 0.004908 0.006655 0.008384
4.66 0.000000 0.001456 0.003161 0.004909 0.006656 0.008385
4.67 0.000000 0.001456 0.003161 0.004909 0.006657 0.008386
4.68 0.000000 0.001457 0.003162 0.004910 0.006658 0.008388
4.69 0.000000 0.001457 0.003162 0.004911 0.006659 0.008389
4.70 0.000000 0.001457 0.003162 0.004911 0.006660 0.008390
4.71 0.000000 0.001457 0.003163 0.004912 0.006660 0.008391
4.72 0.000000 0.001457 0.003163 0.004912 0.006661 0.008392
4.73 0.000000 0.001457 0.003164 0.004913 0.006662 0.008393
4.74 0.000000 0.001458 0.003164 0.004914 0.006663 0.008394
4.75 0.000000 0.001458 0.003164 0.004914 0.006664 0.008395
4.76 0.000000 0.001458 0.003165 0.004915 0.006665 0.008396
4.77 0.000000 0.001458 0.003165 0.004916 0.006666 0.008397
4.78 0.000000 0.001458 0.003166 0.004916 0.006666 0.008398
4.79 0.000000 0.001459 0.003166 0.004917 0.006667 0.008399
4.80 0.000000 0.001459 0.003166 0.004918 0.006668 0.008400
4.81 0.000000 0.001459 0.003167 0.004918 0.006669 0.008402
4.82 0.000000 0.001459 0.003167 0.004919 0.006670 0.008403
4.83 0.000000 0.001459 0.003168 0.004919 0.006671 0.008404
4.84 0.000000 0.001460 0.003168 0.004920 0.006672 0.008405
4.85 0.000000 0.001460 0.003168 0.004921 0.006672 0.008406
4.86 0.000000 0.001460 0.003169 0.004921 0.006673 0.008407
4.87 0.000000 0.001460 0.003169 0.004922 0.006674 0.008408
4.88 0.000000 0.001460 0.003170 0.004923 0.006675 0.008409
4.89 0.000000 0.001460 0.003170 0.004923 0.006676 0.008410
4.90 0.000000 0.001461 0.003170 0.004924 0.006677 0.008411
4.91 0.000000 0.001461 0.003171 0.004924 0.006678 0.008412
4.92 0.000000 0.001461 0.003171 0.004925 0.006678 0.008413
4.93 0.000000 0.001461 0.003172 0.004926 0.006679 0.008414
4.94 0.000000 0.001461 0.003172 0.004926 0.006680 0.008416
4.95 0.000000 0.001462 0.003172 0.004927 0.006681 0.008417
4.96 0.000000 0.001462 0.003173 0.004928 0.006682 0.008418
4.97 0.000000 0.001462 0.003173 0.004928 0.006683 0.008419
4.98 0.000000 0.001462 0.003174 0.004929 0.006684 0.008420
4.99 0.000000 0.001462 0.003174 0.004929 0.006684 0.008421
5.00 0.000000 0.001463 0.003175 0.004930 0.006685 0.008422
5.01 0.000000 0.001463 0.003175 0.004931 0.006686 0.008423
5.02 0.000000 0.001463 0.003175 0.004931 0.006687 0.008424
5.03 0.000000 0.001463 0.003176 0.004932 0.006688 0.008425
5.04 0.000000 0.001463 0.003176 0.004933 0.006689 0.008426
5.05 0.000000 0.001463 0.003177 0.004933 0.006689 0.008427
5.06 0.000000 0.001464 0.003177 0.004934 0.006690 0.008428
5.07 0.000000 0.001464 0.003177 0.004935 0.006691 0.008430
5.08 0.000000 0.001464 0.003178 0.004935 0.006692 0.008431
5.09 0.000000 0.001464 0.003178 0.004936 0.006693 0.008432
5.10 0.000000 0.001464 0.003179 0.004936 0.006694 0.008433
5.11 0.000000 0.001465 0.003179 0.004937 0.006695 0.008434
5.12 0.000000 0.001465 0.003179 0.004938 0.006695 0.008435
5.13 0.000000 0.001465 0.003180 0.004938 0.006696 0.008436
5.14 0.000000 0.001465 0.003180 0.004939 0.006697 0.008437
5.15 0.000000 0.001465 0.003181 0.004940 0.006698 0.008438
5.16 0.000000 0.001466 0.003181 0.004940 0.006699 0.008439
5.17 0.000000 0.001466 0.003181 0.004941 0.006700 0.008440
5.18 0.000000 0.001466 0.003182 0.004941 0.006701 0.008441
5.19 0.000000 0.001466 0.003182 0.004942 0.006701 0.008442
5.20 0.000000 0.001466 0.003183 0.004943 0.006702 0.008443
5.21 0.000000 0.001466 0.003183 0.004943 0.006703 0.008445
5.22 0.000000 0.001467 0.003183 0.004944 0.006704 0.008446
5.23 0.000000 0.001467 0.003184 0.004945 0.006705 0.008447
5.24 0.000000 0.001467 0.003184 0.004945 0.006706 0.008448
5.25 0.000000 0.001467 0.003185 0.004946 0.006707 0.008449
5.26 0.000000 0.001467 0.003185 0.004946 0.006707 0.008450
5.27 0.000000 0.001468 0.003185 0.004947 0.006708 0.008451
5.28 0.000000 0.001468 0.003186 0.004948 0.006709 0.008452
5.29 0.000000 0.001468 0.003186 0.004948 0.006710 0.008453
5.30 0.000000 0.001468 0.003187 0.004949 0.006711 0.008454
5.31 0.000000 0.001468 0.003187 0.004950 0.006712 0.008455
5.32 0.000000 0.001469 0.003187 0.004950 0.006713 0.008456
5.33 0.000000 0.001469 0.003188 0.004951 0.006713 0.008457
5.34 0.000000 0.001469 0.003188 0.004952 0.006714 0.008459
5.35 0.000000 0.001469 0.003189 0.004952 0.006715 0.008460
5.36 0.000000 0.001469 0.003189 0.004953 0.006716 0.008461
5.37 0.000000 0.001469 0.003189 0.004953 0.006717 0.008462
5.38 0.000000 0.001470 0.003190 0.004954 0.006718 0.008463
5.39 0.000000 0.001470 0.003190 0.004955 0.006719 0.008464
5.40 0.000000 0.001470 0.003191 0.004955 0.006719 0.008465
5.41 0.000000 0.001470 0.003191 0.004956 0.006720 0.008466
5.42 0.000000 0.001470 0.003192 0.004957 0.006721 0.008467
5.43 0.000000 0.001471 0.003192 0.004957 0.006722 0.008468
5.44 0.000000 0.001471 0.003192 0.004958 0.006723 0.008469
5.45 0.000000 0.001471 0.003193 0.004958 0.006724 0.008470
5.46 0.000000 0.001471 0.003193 0.004959 0.006724 0.008471
5.47 0.000000 0.001471 0.003194 0.004960 0.006725 0.008473
5.48 0.000000 0.001471 0.003194 0.004960 0.006726 0.008474
5.49 0.000000 0.001472 0.003194 0.004961 0.006727 0.008475
5.50 0.000000 0.001472 0.003195 0.004962 0.006728 0.008476
5.51 0.000000 0.001472 0.003195 0.004962 0.006729 0.008477
5.52 0.000000 0.001472 0.003196 0.004963 0.006730 0.008478
5.53 0.000000 0.001472 0.003196 0.004963 0.006730 0.008479
5.54 0.000000 0.001473 0.003196 0.004964 0.006731 0.008480
5.55 0.000000 0.001473 0.003197 0.004965 0.006732 0.008481
5.56 0.000000 0.001473 0.003197 0.004965 0.006733 0.008482
5.57 0.000000 0.001473 0.003198 0.004966 0.006734 0.008483
5.58 0.000000 0.001473 0.003198 0.004967 0.006735 0.008484
5.59 0.000000 0.001474 0.003198 0.004967 0.006736 0.008485
5.60 0.000000 0.001474 0.003199 0.004968 0.006736 0.008487
5.61 0.000000 0.001474 0.003199 0.004969 0.006737 0.008488
5.62 0.000000 0.001474 0.003200 0.004969 0.006738 0.008489
5.63 0.000000 0.001474 0.003200 0.004970 0.006739 0.008490
5.64 0.000000 0.001474 0.003200 0.004970 0.006740 0.008491
5.65 0.000000 0.001475 0.003201 0.004971 0.006741 0.008492
5.66 0.000000 0.001475 0.003201 0.004972 0.006742 0.008493
5.67 0.000000 0.001475 0.003202 0.004972 0.006742 0.008494
5.68 0.000000 0.001475 0.003202 0.004973 0.006743 0.008495
5.69 0.000000 0.001475 0.003202 0.004974 0.006744 0.008496
5.70 0.000000 0.001476 0.003203 0.004974 0.006745 0.008497
5.71 0.000000 0.001476 0.003203 0.004975 0.006746 0.008498
5.72 0.000000 0.001476 0.003204 0.004975 0.006747 0.008499
5.73 0.000000 0.001476 0.003204 0.004976 0.006748 0.008501
5.74 0.000000 0.001476 0.003204 0.004977 0.006748 0.008502
5.75 0.000000 0.001477 0.003205 0.004977 0.006749 0.008503
5.76 0.000000 0.001477 0.003205 0.004978 0.006750 0.008504
5.77 0.000000 0.001477 0.003206 0.004979 0.006751 0.008505
5.78 0.000000 0.001477 0.003206 0.004979 0.006752 0.008506
5.79 0.000000 0.001477 0.003207 0.004980 0.006753 0.008507
5.80 0.000000 0.001477 0.003207 0.004980 0.006754 0.008508
5.81 0.000000 0.001478 0.003207 0.004981 0.006754 0.008509
5.82 0.000000 0.001478 0.003208 0.004982 0.006755 0.008510
5.83 0.000000 0.001478 0.003208 0.004982 0.006756 0.008511
5.84 0.000000 0.001478 0.003209 0.004983 0.006757 0.008512
5.85 0.000000 0.001478 0.003209 0.004984 0.006758 0.008513
5.86 0.000000 0.001479 0.003209 0.004984 0.006759 0.008514
5.87 0.000000 0.001479 0.003210 0.004985 0.006759 0.008516
5.88 0.000000 0.001479 0.003210 0.004986 0.006760 0.008517
5.89 0.000000 0.001479 0.003211 0.004986 0.006761 0.008518
5.90 0.000000 0.001479 0.003211 0.004987 0.006762 0.008519
5.91 0.000000 0.001480 0.003211 0.004987 0.006763 0.008520
5.92 0.000000 0.001480 0.003212 0.004988 0.006764 0.008521
5.93 0.000000 0.001480 0.003212 0.004989 0.006765 0.008522
5.94 0.000000 0.001480 0.003213 0.004989 0.006765 0.008523
5.95 0.000000 0.001480 0.003213 0.004990 0.006766 0.008524
5.96 0.000000 0.001480 0.003213 0.004991 0.006767 0.008525
5.97 0.000000 0.001481 0.003214 0.004991 0.006768 0.008526
5.98 0.000000 0.001481 0.003214 0.004992 0.006769 0.008527
5.99 0.000000 0.001481 0.003215 0.004992 0.006770 0.008528
6.00 0.000000 0.001481 0.003215 0.004993 0.006771 0.008530
6.01 0.000000 0.001481 0.003215 0.004994 0.006771 0.008531
6.02 0.000000 0.001482 0.003216 0.004994 0.006772 0.008532
6.03 0.000000 0.001482 0.003216 0.004995 0.006773 0.008533
6.04 0.000000 0.001482 0.003217 0.004996 0.006774 0.008534
6.05 0.000000 0.001482 0.003217 0.004996 0.006775 0.008535
6.06 0.000000 0.001482 0.003217 0.004997 0.006776 0.008536
6.07 0.000000 0.001483 0.003218 0.004997 0.006777 0.008537
6.08 0.000000 0.001483 0.003218 0.004998 0.006777 0.008538
6.09 0.000000 0.001483 0.003219 0.004999 0.006778 0.008539
6.10 0.000000 0.001483 0.003219 0.004999 0.006779 0.008540
6.11 0.000000 0.001483 0.003219 0.005000 0.006780 0.008541
6.12 0.000000 0.001483 0.003220 0.005001 0.006781 0.008542
6.13 0.000000 0.001484 0.003220 0.005001 0.006782 0.008544
6.14 0.000000 0.001484 0.003221 0.005002 0.006783 0.008545
6.15 0.000000 0.001484 0.003221 0.005003 0.006783 0.008546
6.16 0.000000 0.001484 0.003222 0.005003 0.006784 0.008547
6.17 0.000000 0.001484 0.003222 0.005004 0.006785 0.008548
6.18 0.000000 0.001485 0.003222 0.005004 0.006786 0.008549
6.19 0.000000 0.001485 0.003223 0.005005 0.006787 0.008550
6.20 0.000000 0.001485 0.003223 0.005006 0.006788 0.008551
6.21 0.000000 0.001485 0.003224 0.005006 0.006789 0.008552
6.22 0.000000 0.001485 0.003224 0.005007 0.006789 0.008553
6.23 0.000000 0.001485 0.003224 0.005008 0.006790 0.008554
6.24 0.000000 0.001486 0.003225 0.005008 0.006791 0.008555
6.25 0.000000 0.001486 0.003225 0.005009 0.006792 0.008556
6.26 0.000000 0.001486 0.003226 0.005009 0.006793 0.008558
6.27 0.000000 0.001486 0.003226 0.005010 0.006794 0.008559
6.28 0.000000 0.001486 0.003226 0.005011 0.006794 0.008560
6.29 0.000000 0.001487 0.003227 0.005011 0.006795 0.008561
6.30 0.000000 0.001487 0.003227 0.005012 0.006796 0.008562
6.31 0.000000 0.001487 0.003228 0.005013 0.006797 0.008563
6.32 0.000000 0.001487 0.003228 0.005013 0.006798 0.008564
6.33 0.000000 0.001487 0.003228 0.005014 0.006799 0.008565
6.34 0.000000 0.001488 0.003229 0.005014 0.006800 0.008566
6.35 0.000000 0.001488 0.003229 0.005015 0.006800 0.008567
6.36 0.000000 0.001488 0.003230 0.005016 0.006801 0.008568
6.37 0.000000 0.001488 0.003230 0.005016 0.006802 0.008569
6.38 0.000000 0.001488 0.003230 0.005017 0.006803 0.008570
6.39 0.000000 0.001488 0.003231 0.005018 0.006804 0.008571
6.40 0.000000 0.001489 0.003231 0.005018 0.006805 0.008573
6.41 0.000000 0.001489 0.003232 0.005019 0.006806 0.008574
6.42 0.000000 0.001489 0.003232 0.005019 0.006806 0.008575
6.43 0.000000 0.001489 0.003232 0.005020 0.006807 0.008576
6.44 0.000000 0.001489 0.003233 0.005021 0.006808 0.008577
6.45 0.000000 0.001490 0.003233 0.005021 0.006809 0.008578
6.46 0.000000 0.001490 0.003234 0.005022 0.006810 0.008579
6.47 0.000000 0.001490 0.003234 0.005023 0.006811 0.008580
6.48 0.000000 0.001490 0.003234 0.005023 0.006812 0.008581
6.49 0.000000 0.001490 0.003235 0.005024 0.006812 0.008582
6.50 0.000000 0.001491 0.003235 0.005025 0.006813 0.008583
6.51 0.000000 0.001491 0.003236 0.005025 0.006814 0.008584
6.52 0.000000 0.001491 0.003236 0.005026 0.006815 0.008585
6.53 0.000000 0.001491 0.003237 0.005026 0.006816 0.008587
6.54 0.000000 0.001491 0.003237 0.005027 0.006817 0.008588
6.55 0.000000 0.001491 0.003237 0.005028 0.006818 0.008589
6.56 0.000000 0.001492 0.003238 0.005028 0.006818 0.008590
6.57 0.000000 0.001492 0.003238 0.005029 0.006819 0.008591
6.58 0.000000 0.001492 0.003239 0.005030 0.006820 0.008592
6.59 0.000000 0.001492 0.003239 0.005030 0.006821 0.008593
6.60 0.000000 0.001492 0.003239 0.005031 0.006822 0.008594
6.61 0.000000 0.001493 0.003240 0.005031 0.006823 0.008595
6.62 0.000000 0.001493 0.003240 0.005032 0.006824 0.008596
6.63 0.000000 0.001493 0.003241 0.005033 0.006824 0.008597
6.64 0.000000 0.001493 0.003241 0.005033 0.006825 0.008598
6.65 0.000000 0.001493 0.003241 0.005034 0.006826 0.008599
6.66 0.000000 0.001494 0.003242 0.005035 0.006827 0.008601
6.67 0.000000 0.001494 0.003242 0.005035 0.006828 0.008602
6.68 0.000000 0.001494 0.003243 0.005036 0.006829 0.008603
6.69 0.000000 0.001494 0.003243 0.005036 0.006829 0.008604
6.70 0.000000 0.001494 0.003243 0.005037 0.006830 0.008605
6.71 0.000000 0.001494 0.003244 0.005038 0.006831 0.008606
6.72 0.000000 0.001495 0.003244 0.005038 0.006832 0.008607
6.73 0.000000 0.001495 0.003245 0.005039 0.006833 0.008608
6.74 0.000000 0.001495 0.003245 0.005040 0.006834 0.008609
6.75 0.000000 0.001495 0.003245 0.005040 0.006835 0.008610
6.76 0.000000 0.001495 0.003246 0.005041 0.006835 0.008611
6.77 0.000000 0.001496 0.003246 0.005042 0.006836 0.008612
6.78 0.000000 0.001496 0.003247 0.005042 0.006837 0.008613
6.79 0.000000 0.001496 0.003247 0.005043 0.006838 0.008615
6.80 0.000000 0.001496 0.003247 0.005043 0.006839 0.008616
6.81 0.000000 0.001496 0.003248 0.005044 0.006840 0.008617
6.82 0.000000 0.001497 0.003248 0.005045 0.006841 0.008618
6.83 0.000000 0.001497 0.003249 0.005045 0.006841 0.008619
6.84 0.000000 0.001497 0.003249 0.005046 0.006842 0.008620
6.85 0.000000 0.001497 0.003249 0.005047 0.006843 0.008621
6.86 0.000000 0.001497 0.003250 0.005047 0.006844 0.008622
6.87 0.000000 0.001497 0.003250 0.005048 0.006845 0.008623
6.88 0.000000 0.001498 0.003251 0.005048 0.006846 0.008624
6.89 0.000000 0.001498 0.003251 0.005049 0.006847 0.008625
6.90 0.000000 0.001498 0.003252 0.005050 0.006847 0.008626
6.91 0.000000 0.001498 0.003252 0.005050 0.006848 0.008627
6.92 0.000000 0.001498 0.003252 0.005051 0.006849 0.008628
6.93 0.000000 0.001499 0.003253 0.005052 0.006850 0.008630
6.94 0.000000 0.001499 0.003253 0.005052 0.006851 0.008631
6.95 0.000000 0.001499 0.003254 0.005053 0.006852 0.008632
6.96 0.000000 0.001499 0.003254 0.005053 0.006853 0.008633
6.97 0.000000 0.001499 0.003254 0.005054 0.006853 0.008634
6.98 0.000000 0.001499 0.003255 0.005055 0.006854 0.008635
6.99 0.000000 0.001500 0.003255 0.005055 0.006855 0.008636
7.00 0.000000 0.001500 0.003256 0.005056 0.006856 0.008637
7.01 0.000000 0.001500 0.003256 0.005057 0.006857 0.008638
7.02 0.000000 0.001500 0.003256 0.005057 0.006858 0.008639
7.03 0.000000 0.001500 0.003257 0.005058 0.006859 0.008640
7.04 0.000000 0.001501 0.003257 0.005059 0.006859 0.008641
7.05 0.000000 0.001501 0.003258 0.005059 0.006860 0.008642
7.06 0.000000 0.001501 0.003258 0.005060 0.006861 0.008644
7.07 0.000000 0.001501 0.003258 0.005060 0.006862 0.008645
7.08 0.000000 0.001501 0.003259 0.005061 0.006863 0.008646
7.09 0.000000 0.001502 0.003259 0.005062 0.006864 0.008647
7.10 0.000000 0.001502 0.003260 0.005062 0.006864 0.008648
7.11 0.000000 0.001502 0.003260 0.005063 0.006865 0.008649
7.12 0.000000 0.001502 0.003260 0.005064 0.006866 0.008650
7.13 0.000000 0.001502 0.003261 0.005064 0.006867 0.008651
7.14 0.000000 0.001502 0.003261 0.005065 0.006868 0.008652
7.15 0.000000 0.001503 0.003262 0.005065 0.006869 0.008653
7.16 0.000000 0.001503 0.003262 0.005066 0.006870 0.008654
7.17 0.000000 0.001503 0.003262 0.005067 0.006870 0.008655
7.18 0.000000 0.001503 0.003263 0.005067 0.006871 0.008656
7.19 0.000000 0.001503 0.003263 0.005068 0.006872 0.008658
7.20 0.000000 0.001504 0.003264 0.005069 0.006873 0.008659
7.21 0.000000 0.001504 0.003264 0.005069 0.006874 0.008660
7.22 0.000000 0.001504 0.003264 0.005070 0.006875 0.008661
7.23 0.000000 0.001504 0.003265 0.005070 0.006876 0.008662
7.24 0.000000 0.001504 0.003265 0.005071 0.006876 0.008663
7.25 0.000000 0.001505 0.003266 0.005072 0.006877 0.008664
7.26 0.000000 0.001505 0.003266 0.005072 0.006878 0.008665
7.27 0.000000 0.001505 0.003266 0.005073 0.006879 0.008666
7.28 0.000000 0.001505 0.003267 0.005074 0.006880 0.008667
7.29 0.000000 0.001505 0.003267 0.005074 0.006881 0.008668
7.30 0.000000 0.001505 0.003268 0.005075 0.006882 0.008669
7.31 0.000000 0.001506 0.003268 0.005076 0.006882 0.008670
7.32 0.000000 0.001506 0.003269 0.005076 0.006883 0.008672
7.33 0.000000 0.001506 0.003269 0.005077 0.006884 0.008673
7.34 0.000000 0.001506 0.003269 0.005077 0.006885 0.008674
7.35 0.000000 0.001506 0.003270 0.005078 0.006886 0.008675
7.36 0.000000 0.001507 0.003270 0.005079 0.006887 0.008676
7.37 0.000000 0.001507 0.003271 0.005079 0.006888 0.008677
7.38 0.000000 0.001507 0.003271 0.005080 0.006888 0.008678
7.39 0.000000 0.001507 0.003271 0.005081 0.006889 0.008679
7.40 0.000000 0.001507 0.003272 0.005081 0.006890 0.008680
7.41 0.000000 0.001508 0.003272 0.005082 0.006891 0.008681
7.42 0.000000 0.001508 0.003273 0.005082 0.006892 0.008682
7.43 0.000000 0.001508 0.003273 0.005083 0.006893 0.008683
7.44 0.000000 0.001508 0.003273 0.005084 0.006894 0.008684
7.45 0.000000 0.001508 0.003274 0.005084 0.006894 0.008685
7.46 0.000000 0.001508 0.003274 0.005085 0.006895 0.008687
7.47 0.000000 0.001509 0.003275 0.005086 0.006896 0.008688
7.48 0.000000 0.001509 0.003275 0.005086 0.006897 0.008689
7.49 0.000000 0.001509 0.003275 0.005087 0.006898 0.008690
7.50 0.000000 0.001509 0.003276 0.005087 0.006899 0.008691
7.51 0.000000 0.001509 0.003276 0.005088 0.006899 0.008692
7.52 0.000000 0.001510 0.003277 0.005089 0.006900 0.008693
7.53 0.000000 0.001510 0.003277 0.005089 0.006901 0.008694
7.54 0.000000 0.001510 0.003277 0.005090 0.006902 0.008695
7.55 0.000000 0.001510 0.003278 0.005091 0.006903 0.008696
7.56 0.000000 0.001510 0.003278 0.005091 0.006904 0.008697
7.57 0.000000 0.001511 0.003279 0.005092 0.006905 0.008698
7.58 0.000000 0.001511 0.003279 0.005093 0.006905 0.008699
7.59 0.000000 0.001511 0.003279 0.005093 0.006906 0.008701
7.60 0.000000 0.001511 0.003280 0.005094 0.006907 0.008702
7.61 0.000000 0.001511 0.003280 0.005094 0.006908 0.008703
7.62 0.000000 0.001511 0.003281 0.005095 0.006909 0.008704
7.63 0.000000 0.001512 0.003281 0.005096 0.006910 0.008705
7.64 0.000000 0.001512 0.003281 0.005096 0.006911 0.008706
7.65 0.000000 0.001512 0.003282 0.005097 0.006911 0.008707
7.66 0.000000 0.001512 0.003282 0.005098 0.006912 0.008708
7.67 0.000000 0.001512 0.003283 0.005098 0.006913 0.008709
7.68 0.000000 0.001513 0.003283 0.005099 0.006914 0.008710
7.69 0.000000 0.001513 0.003284 0.005099 0.006915 0.008711
7.70 0.000000 0.001513 0.003284 0.005100 0.006916 0.008712
7.71 0.000000 0.001513 0.003284 0.005101 0.006917 0.008713
7.72 0.000000 0.001513 0.003285 0.005101 0.006917 0.008715
7.73 0.000000 0.001513 0.003285 0.005102 0.006918 0.008716
7.74 0.000000 0.001514 0.003286 0.005103 0.006919 0.008717
7.75 0.000000 0.001514 0.003286 0.005103 0.006920 0.008718
7.76 0.000000 0.001514 0.003286 0.005104 0.006921 0.008719
7.77 0.000000 0.001514 0.003287 0.005104 0.006922 0.008720
7.78 0.000000 0.001514 0.003287 0.005105 0.006923 0.008721
7.79 0.000000 0.001515 0.003288 0.005106 0.006923 0.008722
7.80 0.000000 0.001515 0.003288 0.005106 0.006924 0.008723
7.81 0.000000 0.001515 0.003288 0.005107 0.006925 0.008724
7.82 0.000000 0.001515 0.003289 0.005108 0.006926 0.008725
7.83 0.000000 0.001515 0.003289 0.005108 0.006927 0.008726
7.84 0.000000 0.001516 0.003290 0.005109 0.006928 0.008727
7.85 0.000000 0.001516 0.003290 0.005110 0.006929 0.008729
7.86 0.000000 0.001516 0.003290 0.005110 0.006929 0.008730
7.87 0.000000 0.001516 0.003291 0.005111 0.006930 0.008731
7.88 0.000000 0.001516 0.003291 0.005111 0.006931 0.008732
7.89 0.000000 0.001516 0.003292 0.005112 0.006932 0.008733
7.90 0.000000 0.001517 0.003292 0.005113 0.006933 0.008734
7.91 0.000000 0.001517 0.003292 0.005113 0.006934 0.008735
7.92 0.000000 0.001517 0.003293 0.005114 0.006934 0.008736
7.93 0.000000 0.001517 0.003293 0.005115 0.006935 0.008737
7.94 0.000000 0.001517 0.003294 0.005115 0.006936 0.008738
7.95 0.000000 0.001518 0.003294 0.005116 0.006937 0.008739
7.96 0.000000 0.001518 0.003294 0.005116 0.006938 0.008740
7.97 0.000000 0.001518 0.003295 0.005117 0.006939 0.008741
7.98 0.000000 0.001518 0.003295 0.005118 0.006940 0.008742
7.99 0.000000 0.001518 0.003296 0.005118 0.006940 0.008744
8.00 0.000000 0.001519 0.003296 0.005119 0.006941 0.008745
8.01 0.000000 0.001519 0.003296 0.005120 0.006942 0.008746
8.02 0.000000 0.001519 0.003297 0.005120 0.006943 0.008747
8.03 0.000000 0.001519 0.003297 0.005121 0.006944 0.008748
8.04 0.000000 0.001519 0.003298 0.005121 0.006945 0.008749
8.05 0.000000 0.001519 0.003298 0.005122 0.006946 0.008750
8.06 0.000000 0.001520 0.003299 0.005123 0.006946 0.008751
8.07 0.000000 0.001520 0.003299 0.005123 0.006947 0.008752
8.08 0.000000 0.001520 0.003299 0.005124 0.006948 0.008753
8.09 0.000000 0.001520 0.003300 0.005125 0.006949 0.008754
8.10 0.000000 0.001520 0.003300 0.005125 0.006950 0.008755
8.11 0.000000 0.001521 0.003301 0.005126 0.006951 0.008756
8.12 0.000000 0.001521 0.003301 0.005127 0.006952 0.008758
8.13 0.000000 0.001521 0.003301 0.005127 0.006952 0.008759
8.14 0.000000 0.001521 0.003302 0.005128 0.006953 0.008760
8.15 0.000000 0.001521 0.003302 0.005128 0.006954 0.008761
8.16 0.000000 0.001522 0.003303 0.005129 0.006955 0.008762
8.17 0.000000 0.001522 0.003303 0.005130 0.006956 0.008763
8.18 0.000000 0.001522 0.003303 0.005130 0.006957 0.008764
8.19 0.000000 0.001522 0.003304 0.005131 0.006958 0.008765
8.20 0.000000 0.001522 0.003304 0.005132 0.006958 0.008766
8.21 0.000000 0.001522 0.003305 0.005132 0.006959 0.008767
8.22 0.000000 0.001523 0.003305 0.005133 0.006960 0.008768
8.23 0.000000 0.001523 0.003305 0.005133 0.006961 0.008769
8.24 0.000000 0.001523 0.003306 0.005134 0.006962 0.008770
8.25 0.000000 0.001523 0.003306 0.005135 0.006963 0.008772
8.26 0.000000 0.001523 0.003307 0.005135 0.006964 0.008773
8.27 0.000000 0.001524 0.003307 0.005136 0.006964 0.008774
8.28 0.000000 0.001524 0.003307 0.005137 0.006965 0.008775
8.29 0.000000 0.001524 0.003308 0.005137 0.006966 0.008776
8.30 0.000000 0.001524 0.003308 0.005138 0.006967 0.008777
8.31 0.000000 0.001524 0.003309 0.005138 0.006968 0.008778
8.32 0.000000 0.001525 0.003309 0.005139 0.006969 0.008779
8.33 0.000000 0.001525 0.003309 0.005140 0.006969 0.008780
8.34 0.000000 0.001525 0.003310 0.005140 0.006970 0.008781
8.35 0.000000 0.001525 0.003310 0.005141 0.006971 0.008782
8.36 0.000000 0.001525 0.003311 0.005142 0.006972 0.008783
8.37 0.000000 0.001525 0.003311 0.005142 0.006973 0.008784
8.38 0.000000 0.001526 0.003311 0.005143 0.006974 0.008786
8.39 0.000000 0.001526 0.003312 0.005144 0.006975 0.008787
8.40 0.000000 0.001526 0.003312 0.005144 0.006975 0.008788
8.41 0.000000 0.001526 0.003313 0.005145 0.006976 0.008789
8.42 0.000000 0.001526 0.003313 0.005145 0.006977 0.008790
8.43 0.000000 0.001527 0.003314 0.005146 0.006978 0.008791
8.44 0.000000 0.001527 0.003314 0.005147 0.006979 0.008792
8.45 0.000000 0.001527 0.003314 0.005147 0.006980 0.008793
8.46 0.000000 0.001527 0.003315 0.005148 0.006981 0.008794
8.47 0.000000 0.001527 0.003315 0.005149 0.006981 0.008795
8.48 0.000000 0.001527 0.003316 0.005149 0.006982 0.008796
8.49 0.000000 0.001528 0.003316 0.005150 0.006983 0.008797
8.50 0.000000 0.001528 0.003316 0.005150 0.006984 0.008798
8.51 0.000000 0.001528 0.003317 0.005151 0.006985 0.008799
8.52 0.000000 0.001528 0.003317 0.005152 0.006986 0.008801
8.53 0.000000 0.001528 0.003318 0.005152 0.006987 0.008802
8.54 0.000000 0.001529 0.003318 0.005153 0.006987 0.008803
8.55 0.000000 0.001529 0.003318 0.005154 0.006988 0.008804
8.56 0.000000 0.001529 0.003319 0.005154 0.006989 0.008805
8.57 0.000000 0.001529 0.003319 0.005155 0.006990 0.008806
8.58 0.000000 0.001529 0.003320 0.005155 0.006991 0.008807
8.59 0.000000 0.001530 0.003320 0.005156 0.006992 0.008808
8.60 0.000000 0.001530 0.003320 0.005157 0.006993 0.008809
8.61 0.000000 0.001530 0.003321 0.005157 0.006993 0.008810
8.62 0.000000 0.001530 0.003321 0.005158 0.006994 0.008811
8.63 0.000000 0.001530 0.003322 0.005159 0.006995 0.008812
8.64 0.000000 0.001530 0.003322 0.005159 0.006996 0.008813
8.65 0.000000 0.001531 0.003322 0.005160 0.006997 0.008815
8.66 0.000000 0.001531 0.003323 0.005160 0.006998 0.008816
8.67 0.000000 0.001531 0.003323 0.005161 0.006999 0.008817
8.68 0.000000 0.001531 0.003324 0.005162 0.006999 0.008818
8.69 0.000000 0.001531 0.003324 0.005162 0.007000 0.008819
8.70 0.000000 0.001532 0.003324 0.005163 0.007001 0.008820
8.71 0.000000 0.001532 0.003325 0.005164 0.007002 0.008821
8.72 0.000000 0.001532 0.003325 0.005164 0.007003 0.008822
8.73 0.000000 0.001532 0.003326 0.005165 0.007004 0.008823
8.74 0.000000 0.001532 0.003326 0.005166 0.007004 0.008824
8.75 0.000000 0.001533 0.003326 0.005166 0.007005 0.008825
8.76 0.000000 0.001533 0.003327 0.005167 0.007006 0.008826
8.77 0.000000 0.001533 0.003327 0.005167 0.007007 0.008827
8.78 0.000000 0.001533 0.003328 0.005168 0.007008 0.008829
8.79 0.000000 0.001533 0.003328 0.005169 0.007009 0.008830
8.80 0.000000 0.001533 0.003329 0.005169 0.007010 0.008831
8.81 0.000000 0.001534 0.003329 0.005170 0.007010 0.008832
8.82 0.000000 0.001534 0.003329 0.005171 0.007011 0.008833
8.83 0.000000 0.001534 0.003330 0.005171 0.007012 0.008834
8.84 0.000000 0.001534 0.003330 0.005172 0.007013 0.008835
8.85 0.000000 0.001534 0.003331 0.005172 0.007014 0.008836
8.86 0.000000 0.001535 0.003331 0.005173 0.007015 0.008837
8.87 0.000000 0.001535 0.003331 0.005174 0.007016 0.008838
8.88 0.000000 0.001535 0.003332 0.005174 0.007016 0.008839
8.89 0.000000 0.001535 0.003332 0.005175 0.007017 0.008840
8.90 0.000000 0.001535 0.003333 0.005176 0.007018 0.008841
8.91 0.000000 0.001536 0.003333 0.005176 0.007019 0.008843
8.92 0.000000 0.001536 0.003333 0.005177 0.007020 0.008844
8.93 0.000000 0.001536 0.003334 0.005177 0.007021 0.008845
8.94 0.000000 0.001536 0.003334 0.005178 0.007022 0.008846
8.95 0.000000 0.001536 0.003335 0.005179 0.007022 0.008847
8.96 0.000000 0.001536 0.003335 0.005179 0.007023 0.008848
8.97 0.000000 0.001537 0.003335 0.005180 0.007024 0.008849
8.98 0.000000 0.001537 0.003336 0.005181 0.007025 0.008850
8.99 0.000000 0.001537 0.003336 0.005181 0.007026 0.008851
9.00 0.000000 0.001537 0.003337 0.005182 0.007027 0.008852
9.01 0.000000 0.001537 0.003337 0.005183 0.007028 0.008853
9.02 0.000000 0.001538 0.003337 0.005183 0.007028 0.008854
9.03 0.000000 0.001538 0.003338 0.005184 0.007029 0.008855
9.04 0.000000 0.001538 0.003338 0.005184 0.007030 0.008856
9.05 0.000000 0.001538 0.003339 0.005185 0.007031 0.008858
9.06 0.000000 0.001538 0.003339 0.005186 0.007032 0.008859
9.07 0.000000 0.001539 0.003339 0.005186 0.007033 0.008860
9.08 0.000000 0.001539 0.003340 0.005187 0.007034 0.008861
9.09 0.000000 0.001539 0.003340 0.005188 0.007034 0.008862
9.10 0.000000 0.001539 0.003341 0.005188 0.007035 0.008863
9.11 0.000000 0.001539 0.003341 0.005189 0.007036 0.008864
9.12 0.000000 0.001539 0.003341 0.005189 0.007037 0.008865
9.13 0.000000 0.001540 0.003342 0.005190 0.007038 0.008866
9.14 0.000000 0.001540 0.003342 0.005191 0.007039 0.008867
9.15 0.000000 0.001540 0.003343 0.005191 0.007039 0.008868
9.16 0.000000 0.001540 0.003343 0.005192 0.007040 0.008869
9.17 0.000000 0.001540 0.003343 0.005193 0.007041 0.008870
9.18 0.000000 0.001541 0.003344 0.005193 0.007042 0.008872
9.19 0.000000 0.001541 0.003344 0.005194 0.007043 0.008873
9.20 0.000000 0.001541 0.003345 0.005194 0.007044 0.008874
9.21 0.000000 0.001541 0.003345 0.005195 0.007045 0.008875
9.22 0.000000 0.001541 0.003346 0.005196 0.007045 0.008876
9.23 0.000000 0.001541 0.003346 0.005196 0.007046 0.008877
9.24 0.000000 0.001542 0.003346 0.005197 0.007047 0.008878
9.25 0.000000 0.001542 0.003347 0.005198 0.007048 0.008879
9.26 0.000000 0.001542 0.003347 0.005198 0.007049 0.008880
9.27 0.000000 0.001542 0.003348 0.005199 0.007050 0.008881
9.28 0.000000 0.001542 0.003348 0.005200 0.007051 0.008882
9.29 0.000000 0.001543 0.003348 0.005200 0.007051 0.008883
9.30 0.000000 0.001543 0.003349 0.005201 0.007052 0.008884
9.31 0.000000 0.001543 0.003349 0.005201 0.007053 0.008886
9.32 0.000000 0.001543 0.003350 0.005202 0.007054 0.008887
9.33 0.000000 0.001543 0.003350 0.005203 0.007055 0.008888
9.34 0.000000 0.001544 0.003350 0.005203 0.007056 0.008889
9.35 0.000000 0.001544 0.003351 0.005204 0.007057 0.008890
9.36 0.000000 0.001544 0.003351 0.005205 0.007057 0.008891
9.37 0.000000 0.001544 0.003352 0.005205 0.007058 0.008892
9.38 0.000000 0.001544 0.003352 0.005206 0.007059 0.008893
9.39 0.000000 0.001544 0.003352 0.005206 0.007060 0.008894
9.40 0.000000 0.001545 0.003353 0.005207 0.007061 0.008895
9.41 0.000000 0.001545 0.003353 0.005208 0.007062 0.008896
9.42 0.000000 0.001545 0.003354 0.005208 0.007063 0.008897
9.43 0.000000 0.001545 0.003354 0.005209 0.007063 0.008898
9.44 0.000000 0.001545 0.003354 0.005210 0.007064 0.008900
9.45 0.000000 0.001546 0.003355 0.005210 0.007065 0.008901
9.46 0.000000 0.001546 0.003355 0.005211 0.007066 0.008902
9.47 0.000000 0.001546 0.003356 0.005211 0.007067 0.008903
9.48 0.000000 0.001546 0.003356 0.005212 0.007068 0.008904
9.49 0.000000 0.001546 0.003356 0.005213 0.007069 0.008905
9.50 0.000000 0.001547 0.003357 0.005213 0.007069 0.008906
9.51 0.000000 0.001547 0.003357 0.005214 0.007070 0.008907
9.52 0.000000 0.001547 0.003358 0.005215 0.007071 0.008908
9.53 0.000000 0.001547 0.003358 0.005215 0.007072 0.008909
9.54 0.000000 0.001547 0.003358 0.005216 0.007073 0.008910
9.55 0.000000 0.001547 0.003359 0.005217 0.007074 0.008911
9.56 0.000000 0.001548 0.003359 0.005217 0.007074 0.008912
9.57 0.000000 0.001548 0.003360 0.005218 0.007075 0.008913
9.58 0.000000 0.001548 0.003360 0.005218 0.007076 0.008915
9.59 0.000000 0.001548 0.003361 0.005219 0.007077 0.008916
9.60 0.000000 0.001548 0.003361 0.005220 0.007078 0.008917
9.61 0.000000 0.001549 0.003361 0.005220 0.007079 0.008918
9.62 0.000000 0.001549 0.003362 0.005221 0.007080 0.008919
9.63 0.000000 0.001549 0.003362 0.005222 0.007080 0.008920
9.64 0.000000 0.001549 0.003363 0.005222 0.007081 0.008921
9.65 0.000000 0.001549 0.003363 0.005223 0.007082 0.008922
9.66 0.000000 0.001550 0.003363 0.005223 0.007083 0.008923
9.67 0.000000 0.001550 0.003364 0.005224 0.007084 0.008924
9.68 0.000000 0.001550 0.003364 0.005225 0.007085 0.008925
9.69 0.000000 0.001550 0.003365 0.005225 0.007086 0.008926
9.70 0.000000 0.001550 0.003365 0.005226 0.007086 0.008927
9.71 0.000000 0.001550 0.003365 0.005227 0.007087 0.008929
9.72 0.000000 0.001551 0.003366 0.005227 0.007088 0.008930
9.73 0.000000 0.001551 0.003366 0.005228 0.007089 0.008931
9.74 0.000000 0.001551 0.003367 0.005228 0.007090 0.008932
9.75 0.000000 0.001551 0.003367 0.005229 0.007091 0.008933
9.76 0.000000 0.001551 0.003367 0.005230 0.007092 0.008934
9.77 0.000000 0.001552 0.003368 0.005230 0.007092 0.008935
9.78 0.000000 0.001552 0.003368 0.005231 0.007093 0.008936
9.79 0.000000 0.001552 0.003369 0.005232 0.007094 0.008937
9.80 0.000000 0.001552 0.003369 0.005232 0.007095 0.008938
9.81 0.000000 0.001552 0.003369 0.005233 0.007096 0.008939
9.82 0.000000 0.001553 0.003370 0.005234 0.007097 0.008940
9.83 0.000000 0.001553 0.003370 0.005234 0.007098 0.008941
9.84 0.000000 0.001553 0.003371 0.005235 0.007098 0.008943
9.85 0.000000 0.001553 0.003371 0.005235 0.007099 0.008944
9.86 0.000000 0.001553 0.003371 0.005236 0.007100 0.008945
9.87 0.000000 0.001553 0.003372 0.005237 0.007101 0.008946
9.88 0.000000 0.001554 0.003372 0.005237 0.007102 0.008947
9.89 0.000000 0.001554 0.003373 0.005238 0.007103 0.008948
9.90 0.000000 0.001554 0.003373 0.005239 0.007104 0.008949
9.91 0.000000 0.001554 0.003373 0.005239 0.007104 0.008950
9.92 0.000000 0.001554 0.003374 0.005240 0.007105 0.008951
9.93 0.000000 0.001555 0.003374 0.005240 0.007106 0.008952
9.94 0.000000 0.001555 0.003375 0.005241 0.007107 0.008953
9.95 0.000000 0.001555 0.003375 0.005242 0.007108 0.008954
9.96 0.000000 0.001555 0.003376 0.005242 0.007109 0.008955
9.97 0.000000 0.001555 0.003376 0.005243 0.007109 0.008957
9.98 0.000000 0.001555 0.003376 0.005244 0.007110 0.008958
9.99 0.000000 0.001556 0.003377 0.005244 0.007111 0.008959
10.00 0.000000 0.001556 0.003377 0.005245 0.007112 0.008960
