x i1 i2 i3 i4 i5 i6 i7 i8
0.000000 0.000000 -0.000001 -0.000002 -0.000003 -0.000004 -0.000005 -0.000006 -0.000007
0.010000 0.000000 -0.000001 -0.000001 -0.000002 -0.000003 -0.000003 -0.000004 -0.000005
0.020000 0.000000 0.000000 0.000000 0.000000 -0.000001 -0.000001 -0.000001 -0.000001
0.030000 0.000000 0.000001 0.000001 0.000002 0.000002 0.000003 0.000003 0.000004
0.040000 0.000000 0.000002 0.000003 0.000005 0.000006 0.000008 0.000010 0.000011
0.050000 0.000000 0.000003 0.000006 0.000009 0.000012 0.000016 0.000019 0.000022
0.060000 0.000000 0.000005 0.000010 0.000016 0.000021 0.000026 0.000031 0.000037
0.070000 0.000000 0.000008 0.000016 0.000024 0.000032 0.000041 0.000049 0.000057
0.080000 0.000000 0.000012 0.000024 0.000036 0.000048 0.000061 0.000073 0.000086
0.090000 0.000000 0.000017 0.000034 0.000052 0.000070 0.000088 0.000106 0.000124
0.100000 0.000000 0.000023 0.000047 0.000072 0.000097 0.000122 0.000147 0.000173
0.110000 0.000000 0.000030 0.000063 0.000096 0.000130 0.000165 0.000199 0.000234
0.120000 0.000000 0.000038 0.000081 0.000125 0.000170 0.000215 0.000261 0.000307
0.130000 0.000000 0.000047 0.000101 0.000157 0.000214 0.000271 0.000330 0.000388
0.140000 0.000000 0.000056 0.000121 0.000189 0.000259 0.000330 0.000402 0.000474
0.150000 0.000000 0.000064 0.000140 0.000220 0.000303 0.000387 0.000473 0.000559
0.160000 0.000000 0.000071 0.000157 0.000248 0.000343 0.000439 0.000538 0.000637
0.170000 0.000000 0.000077 0.000172 0.000272 0.000377 0.000484 0.000594 0.000705
0.180000 0.000000 0.000082 0.000183 0.000291 0.000404 0.000520 0.000639 0.000760
0.190000 0.000000 0.000085 0.000191 0.000306 0.000425 0.000549 0.000675 0.000803
0.200000 0.000000 0.000088 0.000198 0.000317 0.000441 0.000570 0.000701 0.000835
0.210000 0.000000 0.000090 0.000203 0.000325 0.000453 0.000585 0.000721 0.000859
0.220000 0.000000 0.000091 0.000206 0.000330 0.000461 0.000596 0.000735 0.000876
0.230000 0.000000 0.000092 0.000208 0.000334 0.000467 0.000604 0.000744 0.000888
0.240000 0.000000 0.000093 0.000210 0.000337 0.000471 0.000609 0.000751 0.000896
0.250000 0.000000 0.000093 0.000211 0.000339 0.000473 0.000613 0.000756 0.000902
0.260000 0.000000 0.000093 0.000212 0.000340 0.000475 0.000615 0.000759 0.000906
0.270000 0.000000 0.000094 0.000212 0.000341 0.000477 0.000617 0.000762 0.000909
0.280000 0.000000 0.000094 0.000212 0.000342 0.000478 0.000619 0.000763 0.000911
0.290000 0.000000 0.000094 0.000213 0.000342 0.000478 0.000619 0.000764 0.000913
0.300000 0.000000 0.000094 0.000213 0.000342 0.000479 0.000620 0.000765 0.000913
0.310000 0.000000 0.000094 0.000213 0.000343 0.000479 0.000621 0.000766 0.000914
0.320000 0.000000 0.000094 0.000213 0.000343 0.000479 0.000621 0.000766 0.000915
0.330000 0.000000 0.000094 0.000213 0.000343 0.000480 0.000621 0.000767 0.000915
0.340000 0.000000 0.000094 0.000213 0.000343 0.000480 0.000621 0.000767 0.000915
0.350000 0.000000 0.000094 0.000213 0.000343 0.000480 0.000622 0.000767 0.000916
0.360000 0.000000 0.000094 0.000213 0.000343 0.000480 0.000622 0.000767 0.000916
0.370000 0.000000 0.000094 0.000213 0.000343 0.000480 0.000622 0.000767 0.000916
0.380000 0.000000 0.000094 0.000214 0.000343 0.000480 0.000622 0.000767 0.000916
0.390000 0.000000 0.000094 0.000214 0.000343 0.000480 0.000622 0.000768 0.000916
0.400000 0.000000 0.000094 0.000214 0.000344 0.000480 0.000622 0.000768 0.000917
0.410000 0.000000 0.000094 0.000214 0.000344 0.000480 0.000622 0.000768 0.000917
0.420000 0.000000 0.000094 0.000214 0.000344 0.000480 0.000622 0.000768 0.000917
0.430000 0.000000 0.000094 0.000214 0.000344 0.000481 0.000622 0.000768 0.000917
0.440000 0.000000 0.000094 0.000214 0.000344 0.000481 0.000622 0.000768 0.000917
0.450000 0.000000 0.000094 0.000214 0.000344 0.000481 0.000623 0.000768 0.000917
0.460000 0.000000 0.000094 0.000214 0.000344 0.000481 0.000623 0.000768 0.000917
0.470000 0.000000 0.000094 0.000214 0.000344 0.000481 0.000623 0.000768 0.000917
0.480000 0.000000 0.000094 0.000214 0.000344 0.000481 0.000623 0.000769 0.000918
0.490000 0.000000 0.000094 0.000214 0.000344 0.000481 0.000623 0.000769 0.000918
0.500000 0.000000 0.000094 0.000214 0.000344 0.000481 0.000623 0.000769 0.000918
0.510000 0.000000 0.000094 0.000214 0.000344 0.000481 0.000623 0.000769 0.000918
0.520000 0.000000 0.000094 0.000214 0.000344 0.000481 0.000623 0.000769 0.000918
0.530000 0.000000 0.000094 0.000214 0.000344 0.000481 0.000623 0.000769 0.000918
0.540000 0.000000 0.000094 0.000214 0.000344 0.000481 0.000623 0.000769 0.000918
0.550000 0.000000 0.000094 0.000214 0.000344 0.000481 0.000623 0.000769 0.000918
0.560000 0.000000 0.000094 0.000214 0.000344 0.000481 0.000623 0.000769 0.000919
0.570000 0.000000 0.000094 0.000214 0.000344 0.000481 0.000624 0.000770 0.000919
0.580000 0.000000 0.000094 0.000214 0.000344 0.000481 0.000624 0.000770 0.000919
0.590000 0.000000 0.000094 0.000214 0.000344 0.000482 0.000624 0.000770 0.000919
0.600000 0.000000 0.000094 0.000214 0.000344 0.000482 0.000624 0.000770 0.000919
0.610000 0.000000 0.000094 0.000214 0.000345 0.000482 0.000624 0.000770 0.000919
0.620000 0.000000 0.000094 0.000214 0.000345 0.000482 0.000624 0.000770 0.000919
0.630000 0.000000 0.000094 0.000214 0.000345 0.000482 0.000624 0.000770 0.000919
0.640000 0.000000 0.000094 0.000214 0.000345 0.000482 0.000624 0.000770 0.000920
0.650000 0.000000 0.000094 0.000214 0.000345 0.000482 0.000624 0.000770 0.000920
0.660000 0.000000 0.000094 0.000214 0.000345 0.000482 0.000624 0.000770 0.000920
0.670000 0.000000 0.000094 0.000214 0.000345 0.000482 0.000624 0.000771 0.000920
0.680000 0.000000 0.000095 0.000214 0.000345 0.000482 0.000624 0.000771 0.000920
0.690000 0.000000 0.000095 0.000214 0.000345 0.000482 0.000625 0.000771 0.000920
0.700000 0.000000 0.000095 0.000214 0.000345 0.000482 0.000625 0.000771 0.000920
0.710000 0.000000 0.000095 0.000214 0.000345 0.000482 0.000625 0.000771 0.000920
0.720000 0.000000 0.000095 0.000215 0.000345 0.000482 0.000625 0.000771 0.000921
0.730000 0.000000 0.000095 0.000215 0.000345 0.000482 0.000625 0.000771 0.000921
0.740000 0.000000 0.000095 0.000215 0.000345 0.000483 0.000625 0.000771 0.000921
0.750000 0.000000 0.000095 0.000215 0.000345 0.000483 0.000625 0.000771 0.000921
0.760000 0.000000 0.000095 0.000215 0.000345 0.000483 0.000625 0.000772 0.000921
0.770000 0.000000 0.000095 0.000215 0.000345 0.000483 0.000625 0.000772 0.000921
0.780000 0.000000 0.000095 0.000215 0.000345 0.000483 0.000625 0.000772 0.000921
0.790000 0.000000 0.000095 0.000215 0.000345 0.000483 0.000625 0.000772 0.000921
0.800000 0.000000 0.000095 0.000215 0.000345 0.000483 0.000625 0.000772 0.000922
0.810000 0.000000 0.000095 0.000215 0.000345 0.000483 0.000626 0.000772 0.000922
0.820000 0.000000 0.000095 0.000215 0.000345 0.000483 0.000626 0.000772 0.000922
0.830000 0.000000 0.000095 0.000215 0.000346 0.000483 0.000626 0.000772 0.000922
0.840000 0.000000 0.000095 0.000215 0.000346 0.000483 0.000626 0.000772 0.000922
0.850000 0.000000 0.000095 0.000215 0.000346 0.000483 0.000626 0.000772 0.000922
0.860000 0.000000 0.000095 0.000215 0.000346 0.000483 0.000626 0.000773 0.000922
0.870000 0.000000 0.000095 0.000215 0.000346 0.000483 0.000626 0.000773 0.000922
0.880000 0.000000 0.000095 0.000215 0.000346 0.000483 0.000626 0.000773 0.000923
0.890000 0.000000 0.000095 0.000215 0.000346 0.000484 0.000626 0.000773 0.000923
0.900000 0.000000 0.000095 0.000215 0.000346 0.000484 0.000626 0.000773 0.000923
0.910000 0.000000 0.000095 0.000215 0.000346 0.000484 0.000626 0.000773 0.000923
0.920000 0.000000 0.000095 0.000215 0.000346 0.000484 0.000626 0.000773 0.000923
0.930000 0.000000 0.000095 0.000215 0.000346 0.000484 0.000627 0.000773 0.000923
0.940000 0.000000 0.000095 0.000215 0.000346 0.000484 0.000627 0.000773 0.000923
0.950000 0.000000 0.000095 0.000215 0.000346 0.000484 0.000627 0.000773 0.000923
0.960000 0.000000 0.000095 0.000215 0.000346 0.000484 0.000627 0.000774 0.000924
0.970000 0.000000 0.000095 0.000215 0.000346 0.000484 0.000627 0.000774 0.000924
0.980000 0.000000 0.000095 0.000215 0.000346 0.000484 0.000627 0.000774 0.000924
0.990000 0.000000 0.000095 0.000215 0.000346 0.000484 0.000627 0.000774 0.000924
1.000000 0.000000 0.000095 0.000215 0.000346 0.000484 0.000627 0.000774 0.000924
1.010000 0.000000 0.000095 0.000215 0.000346 0.000484 0.000627 0.000774 0.000924
1.020000 0.000000 0.000095 0.000215 0.000346 0.000484 0.000627 0.000774 0.000924
1.030000 0.000000 0.000095 0.000215 0.000346 0.000484 0.000627 0.000774 0.000924
1.040000 0.000000 0.000095 0.000215 0.000347 0.000484 0.000628 0.000774 0.000924
1.050000 0.000000 0.000095 0.000215 0.000347 0.000485 0.000628 0.000775 0.000925
1.060000 0.000000 0.000095 0.000215 0.000347 0.000485 0.000628 0.000775 0.000925
1.070000 0.000000 0.000095 0.000216 0.000347 0.000485 0.000628 0.000775 0.000925
1.080000 0.000000 0.000095 0.000216 0.000347 0.000485 0.000628 0.000775 0.000925
1.090000 0.000000 0.000095 0.000216 0.000347 0.000485 0.000628 0.000775 0.000925
1.100000 0.000000 0.000095 0.000216 0.000347 0.000485 0.000628 0.000775 0.000925
1.110000 0.000000 0.000095 0.000216 0.000347 0.000485 0.000628 0.000775 0.000925
1.120000 0.000000 0.000095 0.000216 0.000347 0.000485 0.000628 0.000775 0.000925
1.130000 0.000000 0.000095 0.000216 0.000347 0.000485 0.000628 0.000775 0.000926
1.140000 0.000000 0.000095 0.000216 0.000347 0.000485 0.000628 0.000775 0.000926
1.150000 0.000000 0.000095 0.000216 0.000347 0.000485 0.000628 0.000776 0.000926
1.160000 0.000000 0.000095 0.000216 0.000347 0.000485 0.000629 0.000776 0.000926
1.170000 0.000000 0.000095 0.000216 0.000347 0.000485 0.000629 0.000776 0.000926
1.180000 0.000000 0.000095 0.000216 0.000347 0.000485 0.000629 0.000776 0.000926
1.190000 0.000000 0.000095 0.000216 0.000347 0.000485 0.000629 0.000776 0.000926
1.200000 0.000000 0.000095 0.000216 0.000347 0.000486 0.000629 0.000776 0.000926
1.210000 0.000000 0.000095 0.000216 0.000347 0.000486 0.000629 0.000776 0.000927
1.220000 0.000000 0.000095 0.000216 0.000347 0.000486 0.000629 0.000776 0.000927
1.230000 0.000000 0.000095 0.000216 0.000347 0.000486 0.000629 0.000776 0.000927
1.240000 0.000000 0.000095 0.000216 0.000347 0.000486 0.000629 0.000777 0.000927
1.250000 0.000000 0.000095 0.000216 0.000347 0.000486 0.000629 0.000777 0.000927
1.260000 0.000000 0.000095 0.000216 0.000348 0.000486 0.000629 0.000777 0.000927
1.270000 0.000000 0.000095 0.000216 0.000348 0.000486 0.000629 0.000777 0.000927
1.280000 0.000000 0.000095 0.000216 0.000348 0.000486 0.000630 0.000777 0.000927
1.290000 0.000000 0.000095 0.000216 0.000348 0.000486 0.000630 0.000777 0.000928
1.300000 0.000000 0.000095 0.000216 0.000348 0.000486 0.000630 0.000777 0.000928
1.310000 0.000000 0.000095 0.000216 0.000348 0.000486 0.000630 0.000777 0.000928
1.320000 0.000000 0.000095 0.000216 0.000348 0.000486 0.000630 0.000777 0.000928
1.330000 0.000000 0.000095 0.000216 0.000348 0.000486 0.000630 0.000777 0.000928
1.340000 0.000000 0.000095 0.000216 0.000348 0.000486 0.000630 0.000778 0.000928
1.350000 0.000000 0.000095 0.000216 0.000348 0.000487 0.000630 0.000778 0.000928
1.360000 0.000000 0.000095 0.000216 0.000348 0.000487 0.000630 0.000778 0.000928
1.370000 0.000000 0.000095 0.000216 0.000348 0.000487 0.000630 0.000778 0.000929
1.380000 0.000000 0.000095 0.000216 0.000348 0.000487 0.000630 0.000778 0.000929
1.390000 0.000000 0.000095 0.000216 0.000348 0.000487 0.000630 0.000778 0.000929
1.400000 0.000000 0.000095 0.000216 0.000348 0.000487 0.000631 0.000778 0.000929
1.410000 0.000000 0.000095 0.000216 0.000348 0.000487 0.000631 0.000778 0.000929
1.420000 0.000000 0.000095 0.000217 0.000348 0.000487 0.000631 0.000778 0.000929
1.430000 0.000000 0.000095 0.000217 0.000348 0.000487 0.000631 0.000778 0.000929
1.440000 0.000000 0.000095 0.000217 0.000348 0.000487 0.000631 0.000779 0.000929
1.450000 0.000000 0.000095 0.000217 0.000348 0.000487 0.000631 0.000779 0.000930
1.460000 0.000000 0.000096 0.000217 0.000348 0.000487 0.000631 0.000779 0.000930
1.470000 0.000000 0.000096 0.000217 0.000349 0.000487 0.000631 0.000779 0.000930
1.480000 0.000000 0.000096 0.000217 0.000349 0.000487 0.000631 0.000779 0.000930
1.490000 0.000000 0.000096 0.000217 0.000349 0.000487 0.000631 0.000779 0.000930
1.500000 0.000000 0.000096 0.000217 0.000349 0.000487 0.000631 0.000779 0.000930
1.510000 0.000000 0.000096 0.000217 0.000349 0.000488 0.000631 0.000779 0.000930
1.520000 0.000000 0.000096 0.000217 0.000349 0.000488 0.000632 0.000779 0.000930
1.530000 0.000000 0.000096 0.000217 0.000349 0.000488 0.000632 0.000780 0.000931
1.540000 0.000000 0.000096 0.000217 0.000349 0.000488 0.000632 0.000780 0.000931
1.550000 0.000000 0.000096 0.000217 0.000349 0.000488 0.000632 0.000780 0.000931
1.560000 0.000000 0.000096 0.000217 0.000349 0.000488 0.000632 0.000780 0.000931
1.570000 0.000000 0.000096 0.000217 0.000349 0.000488 0.000632 0.000780 0.000931
1.580000 0.000000 0.000096 0.000217 0.000349 0.000488 0.000632 0.000780 0.000931
1.590000 0.000000 0.000096 0.000217 0.000349 0.000488 0.000632 0.000780 0.000931
1.600000 0.000000 0.000096 0.000217 0.000349 0.000488 0.000632 0.000780 0.000931
1.610000 0.000000 0.000096 0.000217 0.000349 0.000488 0.000632 0.000780 0.000932
1.620000 0.000000 0.000096 0.000217 0.000349 0.000488 0.000632 0.000780 0.000932
1.630000 0.000000 0.000096 0.000217 0.000349 0.000488 0.000632 0.000781 0.000932
1.640000 0.000000 0.000096 0.000217 0.000349 0.000488 0.000633 0.000781 0.000932
1.650000 0.000000 0.000096 0.000217 0.000349 0.000488 0.000633 0.000781 0.000932
1.660000 0.000000 0.000096 0.000217 0.000349 0.000489 0.000633 0.000781 0.000932
1.670000 0.000000 0.000096 0.000217 0.000349 0.000489 0.000633 0.000781 0.000932
1.680000 0.000000 0.000096 0.000217 0.000349 0.000489 0.000633 0.000781 0.000932
1.690000 0.000000 0.000096 0.000217 0.000350 0.000489 0.000633 0.000781 0.000933
1.700000 0.000000 0.000096 0.000217 0.000350 0.000489 0.000633 0.000781 0.000933
1.710000 0.000000 0.000096 0.000217 0.000350 0.000489 0.000633 0.000781 0.000933
1.720000 0.000000 0.000096 0.000217 0.000350 0.000489 0.000633 0.000782 0.000933
1.730000 0.000000 0.000096 0.000217 0.000350 0.000489 0.000633 0.000782 0.000933
1.740000 0.000000 0.000096 0.000217 0.000350 0.000489 0.000633 0.000782 0.000933
1.750000 0.000000 0.000096 0.000217 0.000350 0.000489 0.000633 0.000782 0.000933
1.760000 0.000000 0.000096 0.000218 0.000350 0.000489 0.000634 0.000782 0.000933
1.770000 0.000000 0.000096 0.000218 0.000350 0.000489 0.000634 0.000782 0.000934
1.780000 0.000000 0.000096 0.000218 0.000350 0.000489 0.000634 0.000782 0.000934
1.790000 0.000000 0.000096 0.000218 0.000350 0.000489 0.000634 0.000782 0.000934
1.800000 0.000000 0.000096 0.000218 0.000350 0.000489 0.000634 0.000782 0.000934
1.810000 0.000000 0.000096 0.000218 0.000350 0.000489 0.000634 0.000782 0.000934
1.820000 0.000000 0.000096 0.000218 0.000350 0.000490 0.000634 0.000783 0.000934
1.830000 0.000000 0.000096 0.000218 0.000350 0.000490 0.000634 0.000783 0.000934
1.840000 0.000000 0.000096 0.000218 0.000350 0.000490 0.000634 0.000783 0.000934
1.850000 0.000000 0.000096 0.000218 0.000350 0.000490 0.000634 0.000783 0.000935
1.860000 0.000000 0.000096 0.000218 0.000350 0.000490 0.000634 0.000783 0.000935
1.870000 0.000000 0.000096 0.000218 0.000350 0.000490 0.000635 0.000783 0.000935
1.880000 0.000000 0.000096 0.000218 0.000350 0.000490 0.000635 0.000783 0.000935
1.890000 0.000000 0.000096 0.000218 0.000350 0.000490 0.000635 0.000783 0.000935
1.900000 0.000000 0.000096 0.000218 0.000351 0.000490 0.000635 0.000783 0.000935
1.910000 0.000000 0.000096 0.000218 0.000351 0.000490 0.000635 0.000783 0.000935
1.920000 0.000000 0.000096 0.000218 0.000351 0.000490 0.000635 0.000784 0.000935
1.930000 0.000000 0.000096 0.000218 0.000351 0.000490 0.000635 0.000784 0.000936
1.940000 0.000000 0.000096 0.000218 0.000351 0.000490 0.000635 0.000784 0.000936
1.950000 0.000000 0.000096 0.000218 0.000351 0.000490 0.000635 0.000784 0.000936
1.960000 0.000000 0.000096 0.000218 0.000351 0.000490 0.000635 0.000784 0.000936
1.970000 0.000000 0.000096 0.000218 0.000351 0.000491 0.000635 0.000784 0.000936
1.980000 0.000000 0.000096 0.000218 0.000351 0.000491 0.000635 0.000784 0.000936
1.990000 0.000000 0.000096 0.000218 0.000351 0.000491 0.000636 0.000784 0.000936
2.000000 0.000000 0.000096 0.000218 0.000351 0.000491 0.000636 0.000784 0.000936
2.010000 0.000000 0.000096 0.000218 0.000351 0.000491 0.000636 0.000785 0.000937
2.020000 0.000000 0.000096 0.000218 0.000351 0.000491 0.000636 0.000785 0.000937
2.030000 0.000000 0.000096 0.000218 0.000351 0.000491 0.000636 0.000785 0.000937
2.040000 0.000000 0.000096 0.000218 0.000351 0.000491 0.000636 0.000785 0.000937
2.050000 0.000000 0.000096 0.000218 0.000351 0.000491 0.000636 0.000785 0.000937
2.060000 0.000000 0.000096 0.000218 0.000351 0.000491 0.000636 0.000785 0.000937
2.070000 0.000000 0.000096 0.000218 0.000351 0.000491 0.000636 0.000785 0.000937
2.080000 0.000000 0.000096 0.000218 0.000351 0.000491 0.000636 0.000785 0.000937
2.090000 0.000000 0.000096 0.000218 0.000351 0.000491 0.000636 0.000785 0.000938
2.100000 0.000000 0.000096 0.000218 0.000351 0.000491 0.000636 0.000785 0.000938
2.110000 0.000000 0.000096 0.000219 0.000351 0.000491 0.000637 0.000786 0.000938
2.120000 0.000000 0.000096 0.000219 0.000352 0.000492 0.000637 0.000786 0.000938
2.130000 0.000000 0.000096 0.000219 0.000352 0.000492 0.000637 0.000786 0.000938
2.140000 0.000000 0.000096 0.000219 0.000352 0.000492 0.000637 0.000786 0.000938
2.150000 0.000000 0.000096 0.000219 0.000352 0.000492 0.000637 0.000786 0.000938
2.160000 0.000000 0.000096 0.000219 0.000352 0.000492 0.000637 0.000786 0.000938
2.170000 0.000000 0.000096 0.000219 0.000352 0.000492 0.000637 0.000786 0.000939
2.180000 0.000000 0.000096 0.000219 0.000352 0.000492 0.000637 0.000786 0.000939
2.190000 0.000000 0.000096 0.000219 0.000352 0.000492 0.000637 0.000786 0.000939
2.200000 0.000000 0.000096 0.000219 0.000352 0.000492 0.000637 0.000787 0.000939
2.210000 0.000000 0.000096 0.000219 0.000352 0.000492 0.000637 0.000787 0.000939
2.220000 0.000000 0.000096 0.000219 0.000352 0.000492 0.000637 0.000787 0.000939
2.230000 0.000000 0.000096 0.000219 0.000352 0.000492 0.000638 0.000787 0.000939
2.240000 0.000000 0.000097 0.000219 0.000352 0.000492 0.000638 0.000787 0.000939
2.250000 0.000000 0.000097 0.000219 0.000352 0.000492 0.000638 0.000787 0.000940
2.260000 0.000000 0.000097 0.000219 0.000352 0.000492 0.000638 0.000787 0.000940
2.270000 0.000000 0.000097 0.000219 0.000352 0.000492 0.000638 0.000787 0.000940
2.280000 0.000000 0.000097 0.000219 0.000352 0.000493 0.000638 0.000787 0.000940
2.290000 0.000000 0.000097 0.000219 0.000352 0.000493 0.000638 0.000787 0.000940
2.300000 0.000000 0.000097 0.000219 0.000352 0.000493 0.000638 0.000788 0.000940
2.310000 0.000000 0.000097 0.000219 0.000352 0.000493 0.000638 0.000788 0.000940
2.320000 0.000000 0.000097 0.000219 0.000352 0.000493 0.000638 0.000788 0.000940
2.330000 0.000000 0.000097 0.000219 0.000353 0.000493 0.000638 0.000788 0.000941
2.340000 0.000000 0.000097 0.000219 0.000353 0.000493 0.000638 0.000788 0.000941
2.350000 0.000000 0.000097 0.000219 0.000353 0.000493 0.000639 0.000788 0.000941
2.360000 0.000000 0.000097 0.000219 0.000353 0.000493 0.000639 0.000788 0.000941
2.370000 0.000000 0.000097 0.000219 0.000353 0.000493 0.000639 0.000788 0.000941
2.380000 0.000000 0.000097 0.000219 0.000353 0.000493 0.000639 0.000788 0.000941
2.390000 0.000000 0.000097 0.000219 0.000353 0.000493 0.000639 0.000788 0.000941
2.400000 0.000000 0.000097 0.000219 0.000353 0.000493 0.000639 0.000789 0.000941
2.410000 0.000000 0.000097 0.000219 0.000353 0.000493 0.000639 0.000789 0.000942
2.420000 0.000000 0.000097 0.000219 0.000353 0.000493 0.000639 0.000789 0.000942
2.430000 0.000000 0.000097 0.000219 0.000353 0.000494 0.000639 0.000789 0.000942
2.440000 0.000000 0.000097 0.000219 0.000353 0.000494 0.000639 0.000789 0.000942
2.450000 0.000000 0.000097 0.000220 0.000353 0.000494 0.000639 0.000789 0.000942
2.460000 0.000000 0.000097 0.000220 0.000353 0.000494 0.000639 0.000789 0.000942
2.470000 0.000000 0.000097 0.000220 0.000353 0.000494 0.000640 0.000789 0.000942
2.480000 0.000000 0.000097 0.000220 0.000353 0.000494 0.000640 0.000789 0.000942
2.490000 0.000000 0.000097 0.000220 0.000353 0.000494 0.000640 0.000790 0.000943
2.500000 0.000000 0.000097 0.000220 0.000353 0.000494 0.000640 0.000790 0.000943
2.510000 0.000000 0.000097 0.000220 0.000353 0.000494 0.000640 0.000790 0.000943
2.520000 0.000000 0.000097 0.000220 0.000353 0.000494 0.000640 0.000790 0.000943
2.530000 0.000000 0.000097 0.000220 0.000353 0.000494 0.000640 0.000790 0.000943
2.540000 0.000000 0.000097 0.000220 0.000353 0.000494 0.000640 0.000790 0.000943
2.550000 0.000000 0.000097 0.000220 0.000354 0.000494 0.000640 0.000790 0.000943
2.560000 0.000000 0.000097 0.000220 0.000354 0.000494 0.000640 0.000790 0.000943
2.570000 0.000000 0.000097 0.000220 0.000354 0.000494 0.000640 0.000790 0.000944
2.580000 0.000000 0.000097 0.000220 0.000354 0.000495 0.000640 0.000790 0.000944
2.590000 0.000000 0.000097 0.000220 0.000354 0.000495 0.000641 0.000791 0.000944
2.600000 0.000000 0.000097 0.000220 0.000354 0.000495 0.000641 0.000791 0.000944
2.610000 0.000000 0.000097 0.000220 0.000354 0.000495 0.000641 0.000791 0.000944
2.620000 0.000000 0.000097 0.000220 0.000354 0.000495 0.000641 0.000791 0.000944
2.630000 0.000000 0.000097 0.000220 0.000354 0.000495 0.000641 0.000791 0.000944
2.640000 0.000000 0.000097 0.000220 0.000354 0.000495 0.000641 0.000791 0.000944
2.650000 0.000000 0.000097 0.000220 0.000354 0.000495 0.000641 0.000791 0.000945
2.660000 0.000000 0.000097 0.000220 0.000354 0.000495 0.000641 0.000791 0.000945
2.670000 0.000000 0.000097 0.000220 0.000354 0.000495 0.000641 0.000791 0.000945
2.680000 0.000000 0.000097 0.000220 0.000354 0.000495 0.000641 0.000791 0.000945
2.690000 0.000000 0.000097 0.000220 0.000354 0.000495 0.000641 0.000792 0.000945
2.700000 0.000000 0.000097 0.000220 0.000354 0.000495 0.000642 0.000792 0.000945
2.710000 0.000000 0.000097 0.000220 0.000354 0.000495 0.000642 0.000792 0.000945
2.720000 0.000000 0.000097 0.000220 0.000354 0.000495 0.000642 0.000792 0.000945
2.730000 0.000000 0.000097 0.000220 0.000354 0.000495 0.000642 0.000792 0.000945
2.740000 0.000000 0.000097 0.000220 0.000354 0.000496 0.000642 0.000792 0.000946
2.750000 0.000000 0.000097 0.000220 0.000354 0.000496 0.000642 0.000792 0.000946
2.760000 0.000000 0.000097 0.000220 0.000355 0.000496 0.000642 0.000792 0.000946
2.770000 0.000000 0.000097 0.000220 0.000355 0.000496 0.000642 0.000792 0.000946
2.780000 0.000000 0.000097 0.000220 0.000355 0.000496 0.000642 0.000793 0.000946
2.790000 0.000000 0.000097 0.000220 0.000355 0.000496 0.000642 0.000793 0.000946
2.800000 0.000000 0.000097 0.000221 0.000355 0.000496 0.000642 0.000793 0.000946
2.810000 0.000000 0.000097 0.000221 0.000355 0.000496 0.000642 0.000793 0.000946
2.820000 0.000000 0.000097 0.000221 0.000355 0.000496 0.000643 0.000793 0.000947
2.830000 0.000000 0.000097 0.000221 0.000355 0.000496 0.000643 0.000793 0.000947
2.840000 0.000000 0.000097 0.000221 0.000355 0.000496 0.000643 0.000793 0.000947
2.850000 0.000000 0.000097 0.000221 0.000355 0.000496 0.000643 0.000793 0.000947
2.860000 0.000000 0.000097 0.000221 0.000355 0.000496 0.000643 0.000793 0.000947
2.870000 0.000000 0.000097 0.000221 0.000355 0.000496 0.000643 0.000793 0.000947
2.880000 0.000000 0.000097 0.000221 0.000355 0.000496 0.000643 0.000794 0.000947
2.890000 0.000000 0.000097 0.000221 0.000355 0.000497 0.000643 0.000794 0.000947
2.900000 0.000000 0.000097 0.000221 0.000355 0.000497 0.000643 0.000794 0.000948
2.910000 0.000000 0.000097 0.000221 0.000355 0.000497 0.000643 0.000794 0.000948
2.920000 0.000000 0.000097 0.000221 0.000355 0.000497 0.000643 0.000794 0.000948
2.930000 0.000000 0.000097 0.000221 0.000355 0.000497 0.000643 0.000794 0.000948
2.940000 0.000000 0.000097 0.000221 0.000355 0.000497 0.000644 0.000794 0.000948
2.950000 0.000000 0.000097 0.000221 0.000355 0.000497 0.000644 0.000794 0.000948
2.960000 0.000000 0.000097 0.000221 0.000355 0.000497 0.000644 0.000794 0.000948
2.970000 0.000000 0.000097 0.000221 0.000355 0.000497 0.000644 0.000795 0.000948
2.980000 0.000000 0.000097 0.000221 0.000356 0.000497 0.000644 0.000795 0.000949
2.990000 0.000000 0.000097 0.000221 0.000356 0.000497 0.000644 0.000795 0.000949
3.000000 0.000000 0.000097 0.000221 0.000356 0.000497 0.000644 0.000795 0.000949
3.010000 0.000000 0.000097 0.000221 0.000356 0.000497 0.000644 0.000795 0.000949
3.020000 0.000000 0.000097 0.000221 0.000356 0.000497 0.000644 0.000795 0.000949
3.030000 0.000000 0.000098 0.000221 0.000356 0.000497 0.000644 0.000795 0.000949
3.040000 0.000000 0.000098 0.000221 0.000356 0.000498 0.000644 0.000795 0.000949
3.050000 0.000000 0.000098 0.000221 0.000356 0.000498 0.000644 0.000795 0.000949
3.060000 0.000000 0.000098 0.000221 0.000356 0.000498 0.000645 0.000795 0.000950
3.070000 0.000000 0.000098 0.000221 0.000356 0.000498 0.000645 0.000796 0.000950
3.080000 0.000000 0.000098 0.000221 0.000356 0.000498 0.000645 0.000796 0.000950
3.090000 0.000000 0.000098 0.000221 0.000356 0.000498 0.000645 0.000796 0.000950
3.100000 0.000000 0.000098 0.000221 0.000356 0.000498 0.000645 0.000796 0.000950
3.110000 0.000000 0.000098 0.000221 0.000356 0.000498 0.000645 0.000796 0.000950
3.120000 0.000000 0.000098 0.000221 0.000356 0.000498 0.000645 0.000796 0.000950
3.130000 0.000000 0.000098 0.000221 0.000356 0.000498 0.000645 0.000796 0.000950
3.140000 0.000000 0.000098 0.000222 0.000356 0.000498 0.000645 0.000796 0.000951
3.150000 0.000000 0.000098 0.000222 0.000356 0.000498 0.000645 0.000796 0.000951
3.160000 0.000000 0.000098 0.000222 0.000356 0.000498 0.000645 0.000796 0.000951
3.170000 0.000000 0.000098 0.000222 0.000356 0.000498 0.000645 0.000797 0.000951
3.180000 0.000000 0.000098 0.000222 0.000356 0.000498 0.000646 0.000797 0.000951
3.190000 0.000000 0.000098 0.000222 0.000357 0.000498 0.000646 0.000797 0.000951
3.200000 0.000000 0.000098 0.000222 0.000357 0.000499 0.000646 0.000797 0.000951
3.210000 0.000000 0.000098 0.000222 0.000357 0.000499 0.000646 0.000797 0.000951
3.220000 0.000000 0.000098 0.000222 0.000357 0.000499 0.000646 0.000797 0.000952
3.230000 0.000000 0.000098 0.000222 0.000357 0.000499 0.000646 0.000797 0.000952
3.240000 0.000000 0.000098 0.000222 0.000357 0.000499 0.000646 0.000797 0.000952
3.250000 0.000000 0.000098 0.000222 0.000357 0.000499 0.000646 0.000797 0.000952
3.260000 0.000000 0.000098 0.000222 0.000357 0.000499 0.000646 0.000798 0.000952
3.270000 0.000000 0.000098 0.000222 0.000357 0.000499 0.000646 0.000798 0.000952
3.280000 0.000000 0.000098 0.000222 0.000357 0.000499 0.000646 0.000798 0.000952
3.290000 0.000000 0.000098 0.000222 0.000357 0.000499 0.000646 0.000798 0.000952
3.300000 0.000000 0.000098 0.000222 0.000357 0.000499 0.000647 0.000798 0.000953
3.310000 0.000000 0.000098 0.000222 0.000357 0.000499 0.000647 0.000798 0.000953
3.320000 0.000000 0.000098 0.000222 0.000357 0.000499 0.000647 0.000798 0.000953
3.330000 0.000000 0.000098 0.000222 0.000357 0.000499 0.000647 0.000798 0.000953
3.340000 0.000000 0.000098 0.000222 0.000357 0.000499 0.000647 0.000798 0.000953
3.350000 0.000000 0.000098 0.000222 0.000357 0.000500 0.000647 0.000798 0.000953
3.360000 0.000000 0.000098 0.000222 0.000357 0.000500 0.000647 0.000799 0.000953
3.370000 0.000000 0.000098 0.000222 0.000357 0.000500 0.000647 0.000799 0.000953
3.380000 0.000000 0.000098 0.000222 0.000357 0.000500 0.000647 0.000799 0.000954
3.390000 0.000000 0.000098 0.000222 0.000357 0.000500 0.000647 0.000799 0.000954
3.400000 0.000000 0.000098 0.000222 0.000357 0.000500 0.000647 0.000799 0.000954
3.410000 0.000000 0.000098 0.000222 0.000358 0.000500 0.000647 0.000799 0.000954
3.420000 0.000000 0.000098 0.000222 0.000358 0.000500 0.000648 0.000799 0.000954
3.430000 0.000000 0.000098 0.000222 0.000358 0.000500 0.000648 0.000799 0.000954
3.440000 0.000000 0.000098 0.000222 0.000358 0.000500 0.000648 0.000799 0.000954
3.450000 0.000000 0.000098 0.000222 0.000358 0.000500 0.000648 0.000800 0.000954
3.460000 0.000000 0.000098 0.000222 0.000358 0.000500 0.000648 0.000800 0.000955
3.470000 0.000000 0.000098 0.000222 0.000358 0.000500 0.000648 0.000800 0.000955
3.480000 0.000000 0.000098 0.000222 0.000358 0.000500 0.000648 0.000800 0.000955
3.490000 0.000000 0.000098 0.000223 0.000358 0.000500 0.000648 0.000800 0.000955
3.500000 0.000000 0.000098 0.000223 0.000358 0.000500 0.000648 0.000800 0.000955
3.510000 0.000000 0.000098 0.000223 0.000358 0.000501 0.000648 0.000800 0.000955
3.520000 0.000000 0.000098 0.000223 0.000358 0.000501 0.000648 0.000800 0.000955
3.530000 0.000000 0.000098 0.000223 0.000358 0.000501 0.000648 0.000800 0.000955
3.540000 0.000000 0.000098 0.000223 0.000358 0.000501 0.000649 0.000800 0.000956
3.550000 0.000000 0.000098 0.000223 0.000358 0.000501 0.000649 0.000801 0.000956
3.560000 0.000000 0.000098 0.000223 0.000358 0.000501 0.000649 0.000801 0.000956
3.570000 0.000000 0.000098 0.000223 0.000358 0.000501 0.000649 0.000801 0.000956
3.580000 0.000000 0.000098 0.000223 0.000358 0.000501 0.000649 0.000801 0.000956
3.590000 0.000000 0.000098 0.000223 0.000358 0.000501 0.000649 0.000801 0.000956
3.600000 0.000000 0.000098 0.000223 0.000358 0.000501 0.000649 0.000801 0.000956
3.610000 0.000000 0.000098 0.000223 0.000358 0.000501 0.000649 0.000801 0.000956
3.620000 0.000000 0.000098 0.000223 0.000359 0.000501 0.000649 0.000801 0.000957
3.630000 0.000000 0.000098 0.000223 0.000359 0.000501 0.000649 0.000801 0.000957
3.640000 0.000000 0.000098 0.000223 0.000359 0.000501 0.000649 0.000801 0.000957
3.650000 0.000000 0.000098 0.000223 0.000359 0.000501 0.000650 0.000802 0.000957
3.660000 0.000000 0.000098 0.000223 0.000359 0.000502 0.000650 0.000802 0.000957
3.670000 0.000000 0.000098 0.000223 0.000359 0.000502 0.000650 0.000802 0.000957
3.680000 0.000000 0.000098 0.000223 0.000359 0.000502 0.000650 0.000802 0.000957
3.690000 0.000000 0.000098 0.000223 0.000359 0.000502 0.000650 0.000802 0.000957
3.700000 0.000000 0.000098 0.000223 0.000359 0.000502 0.000650 0.000802 0.000958
3.710000 0.000000 0.000098 0.000223 0.000359 0.000502 0.000650 0.000802 0.000958
3.720000 0.000000 0.000098 0.000223 0.000359 0.000502 0.000650 0.000802 0.000958
3.730000 0.000000 0.000098 0.000223 0.000359 0.000502 0.000650 0.000802 0.000958
3.740000 0.000000 0.000098 0.000223 0.000359 0.000502 0.000650 0.000803 0.000958
3.750000 0.000000 0.000098 0.000223 0.000359 0.000502 0.000650 0.000803 0.000958
3.760000 0.000000 0.000098 0.000223 0.000359 0.000502 0.000650 0.000803 0.000958
3.770000 0.000000 0.000098 0.000223 0.000359 0.000502 0.000651 0.000803 0.000958
3.780000 0.000000 0.000098 0.000223 0.000359 0.000502 0.000651 0.000803 0.000959
3.790000 0.000000 0.000098 0.000223 0.000359 0.000502 0.000651 0.000803 0.000959
3.800000 0.000000 0.000098 0.000223 0.000359 0.000502 0.000651 0.000803 0.000959
3.810000 0.000000 0.000099 0.000223 0.000359 0.000503 0.000651 0.000803 0.000959
3.820000 0.000000 0.000099 0.000223 0.000359 0.000503 0.000651 0.000803 0.000959
3.830000 0.000000 0.000099 0.000224 0.000359 0.000503 0.000651 0.000803 0.000959
3.840000 0.000000 0.000099 0.000224 0.000360 0.000503 0.000651 0.000804 0.000959
3.850000 0.000000 0.000099 0.000224 0.000360 0.000503 0.000651 0.000804 0.000959
3.860000 0.000000 0.000099 0.000224 0.000360 0.000503 0.000651 0.000804 0.000960
3.870000 0.000000 0.000099 0.000224 0.000360 0.000503 0.000651 0.000804 0.000960
3.880000 0.000000 0.000099 0.000224 0.000360 0.000503 0.000651 0.000804 0.000960
3.890000 0.000000 0.000099 0.000224 0.000360 0.000503 0.000652 0.000804 0.000960
3.900000 0.000000 0.000099 0.000224 0.000360 0.000503 0.000652 0.000804 0.000960
3.910000 0.000000 0.000099 0.000224 0.000360 0.000503 0.000652 0.000804 0.000960
3.920000 0.000000 0.000099 0.000224 0.000360 0.000503 0.000652 0.000804 0.000960
3.930000 0.000000 0.000099 0.000224 0.000360 0.000503 0.000652 0.000805 0.000960
3.940000 0.000000 0.000099 0.000224 0.000360 0.000503 0.000652 0.000805 0.000961
3.950000 0.000000 0.000099 0.000224 0.000360 0.000503 0.000652 0.000805 0.000961
3.960000 0.000000 0.000099 0.000224 0.000360 0.000503 0.000652 0.000805 0.000961
3.970000 0.000000 0.000099 0.000224 0.000360 0.000504 0.000652 0.000805 0.000961
3.980000 0.000000 0.000099 0.000224 0.000360 0.000504 0.000652 0.000805 0.000961
3.990000 0.000000 0.000099 0.000224 0.000360 0.000504 0.000652 0.000805 0.000961
4.000000 0.000000 0.000099 0.000224 0.000360 0.000504 0.000652 0.000805 0.000961
4.010000 0.000000 0.000099 0.000224 0.000360 0.000504 0.000653 0.000805 0.000961
4.020000 0.000000 0.000099 0.000224 0.000360 0.000504 0.000653 0.000805 0.000962
4.030000 0.000000 0.000099 0.000224 0.000360 0.000504 0.000653 0.000806 0.000962
4.040000 0.000000 0.000099 0.000224 0.000360 0.000504 0.000653 0.000806 0.000962
4.050000 0.000000 0.000099 0.000224 0.000361 0.000504 0.000653 0.000806 0.000962
4.060000 0.000000 0.000099 0.000224 0.000361 0.000504 0.000653 0.000806 0.000962
4.070000 0.000000 0.000099 0.000224 0.000361 0.000504 0.000653 0.000806 0.000962
4.080000 0.000000 0.000099 0.000224 0.000361 0.000504 0.000653 0.000806 0.000962
4.090000 0.000000 0.000099 0.000224 0.000361 0.000504 0.000653 0.000806 0.000962
4.100000 0.000000 0.000099 0.000224 0.000361 0.000504 0.000653 0.000806 0.000963
4.110000 0.000000 0.000099 0.000224 0.000361 0.000504 0.000653 0.000806 0.000963
4.120000 0.000000 0.000099 0.000224 0.000361 0.000505 0.000653 0.000806 0.000963
4.130000 0.000000 0.000099 0.000224 0.000361 0.000505 0.000654 0.000807 0.000963
4.140000 0.000000 0.000099 0.000224 0.000361 0.000505 0.000654 0.000807 0.000963
4.150000 0.000000 0.000099 0.000224 0.000361 0.000505 0.000654 0.000807 0.000963
4.160000 0.000000 0.000099 0.000224 0.000361 0.000505 0.000654 0.000807 0.000963
4.170000 0.000000 0.000099 0.000224 0.000361 0.000505 0.000654 0.000807 0.000963
4.180000 0.000000 0.000099 0.000225 0.000361 0.000505 0.000654 0.000807 0.000964
4.190000 0.000000 0.000099 0.000225 0.000361 0.000505 0.000654 0.000807 0.000964
4.200000 0.000000 0.000099 0.000225 0.000361 0.000505 0.000654 0.000807 0.000964
4.210000 0.000000 0.000099 0.000225 0.000361 0.000505 0.000654 0.000807 0.000964
4.220000 0.000000 0.000099 0.000225 0.000361 0.000505 0.000654 0.000808 0.000964
4.230000 0.000000 0.000099 0.000225 0.000361 0.000505 0.000654 0.000808 0.000964
4.240000 0.000000 0.000099 0.000225 0.000361 0.000505 0.000654 0.000808 0.000964
4.250000 0.000000 0.000099 0.000225 0.000361 0.000505 0.000655 0.000808 0.000964
4.260000 0.000000 0.000099 0.000225 0.000361 0.000505 0.000655 0.000808 0.000965
4.270000 0.000000 0.000099 0.000225 0.000362 0.000506 0.000655 0.000808 0.000965
4.280000 0.000000 0.000099 0.000225 0.000362 0.000506 0.000655 0.000808 0.000965
4.290000 0.000000 0.000099 0.000225 0.000362 0.000506 0.000655 0.000808 0.000965
4.300000 0.000000 0.000099 0.000225 0.000362 0.000506 0.000655 0.000808 0.000965
4.310000 0.000000 0.000099 0.000225 0.000362 0.000506 0.000655 0.000808 0.000965
4.320000 0.000000 0.000099 0.000225 0.000362 0.000506 0.000655 0.000809 0.000965
4.330000 0.000000 0.000099 0.000225 0.000362 0.000506 0.000655 0.000809 0.000965
4.340000 0.000000 0.000099 0.000225 0.000362 0.000506 0.000655 0.000809 0.000966
4.350000 0.000000 0.000099 0.000225 0.000362 0.000506 0.000655 0.000809 0.000966
4.360000 0.000000 0.000099 0.000225 0.000362 0.000506 0.000655 0.000809 0.000966
4.370000 0.000000 0.000099 0.000225 0.000362 0.000506 0.000656 0.000809 0.000966
4.380000 0.000000 0.000099 0.000225 0.000362 0.000506 0.000656 0.000809 0.000966
4.390000 0.000000 0.000099 0.000225 0.000362 0.000506 0.000656 0.000809 0.000966
4.400000 0.000000 0.000099 0.000225 0.000362 0.000506 0.000656 0.000809 0.000966
4.410000 0.000000 0.000099 0.000225 0.000362 0.000506 0.000656 0.000810 0.000966
4.420000 0.000000 0.000099 0.000225 0.000362 0.000506 0.000656 0.000810 0.000966
4.430000 0.000000 0.000099 0.000225 0.000362 0.000507 0.000656 0.000810 0.000967
4.440000 0.000000 0.000099 0.000225 0.000362 0.000507 0.000656 0.000810 0.000967
4.450000 0.000000 0.000099 0.000225 0.000362 0.000507 0.000656 0.000810 0.000967
4.460000 0.000000 0.000099 0.000225 0.000362 0.000507 0.000656 0.000810 0.000967
4.470000 0.000000 0.000099 0.000225 0.000362 0.000507 0.000656 0.000810 0.000967
4.480000 0.000000 0.000099 0.000225 0.000363 0.000507 0.000657 0.000810 0.000967
4.490000 0.000000 0.000099 0.000225 0.000363 0.000507 0.000657 0.000810 0.000967
4.500000 0.000000 0.000099 0.000225 0.000363 0.000507 0.000657 0.000810 0.000967
4.510000 0.000000 0.000099 0.000225 0.000363 0.000507 0.000657 0.000811 0.000968
4.520000 0.000000 0.000099 0.000225 0.000363 0.000507 0.000657 0.000811 0.000968
4.530000 0.000000 0.000099 0.000226 0.000363 0.000507 0.000657 0.000811 0.000968
4.540000 0.000000 0.000099 0.000226 0.000363 0.000507 0.000657 0.000811 0.000968
4.550000 0.000000 0.000099 0.000226 0.000363 0.000507 0.000657 0.000811 0.000968
4.560000 0.000000 0.000099 0.000226 0.000363 0.000507 0.000657 0.000811 0.000968
4.570000 0.000000 0.000099 0.000226 0.000363 0.000507 0.000657 0.000811 0.000968
4.580000 0.000000 0.000099 0.000226 0.000363 0.000508 0.000657 0.000811 0.000968
4.590000 0.000000 0.000099 0.000226 0.000363 0.000508 0.000657 0.000811 0.000969
4.600000 0.000000 0.000100 0.000226 0.000363 0.000508 0.000658 0.000811 0.000969
4.610000 0.000000 0.000100 0.000226 0.000363 0.000508 0.000658 0.000812 0.000969
4.620000 0.000000 0.000100 0.000226 0.000363 0.000508 0.000658 0.000812 0.000969
4.630000 0.000000 0.000100 0.000226 0.000363 0.000508 0.000658 0.000812 0.000969
4.640000 0.000000 0.000100 0.000226 0.000363 0.000508 0.000658 0.000812 0.000969
4.650000 0.000000 0.000100 0.000226 0.000363 0.000508 0.000658 0.000812 0.000969
4.660000 0.000000 0.000100 0.000226 0.000363 0.000508 0.000658 0.000812 0.000969
4.670000 0.000000 0.000100 0.000226 0.000363 0.000508 0.000658 0.000812 0.000970
4.680000 0.000000 0.000100 0.000226 0.000363 0.000508 0.000658 0.000812 0.000970
4.690000 0.000000 0.000100 0.000226 0.000363 0.000508 0.000658 0.000812 0.000970
4.700000 0.000000 0.000100 0.000226 0.000364 0.000508 0.000658 0.000813 0.000970
4.710000 0.000000 0.000100 0.000226 0.000364 0.000508 0.000658 0.000813 0.000970
4.720000 0.000000 0.000100 0.000226 0.000364 0.000508 0.000659 0.000813 0.000970
4.730000 0.000000 0.000100 0.000226 0.000364 0.000509 0.000659 0.000813 0.000970
4.740000 0.000000 0.000100 0.000226 0.000364 0.000509 0.000659 0.000813 0.000970
4.750000 0.000000 0.000100 0.000226 0.000364 0.000509 0.000659 0.000813 0.000971
4.760000 0.000000 0.000100 0.000226 0.000364 0.000509 0.000659 0.000813 0.000971
4.770000 0.000000 0.000100 0.000226 0.000364 0.000509 0.000659 0.000813 0.000971
4.780000 0.000000 0.000100 0.000226 0.000364 0.000509 0.000659 0.000813 0.000971
4.790000 0.000000 0.000100 0.000226 0.000364 0.000509 0.000659 0.000813 0.000971
4.800000 0.000000 0.000100 0.000226 0.000364 0.000509 0.000659 0.000814 0.000971
4.810000 0.000000 0.000100 0.000226 0.000364 0.000509 0.000659 0.000814 0.000971
4.820000 0.000000 0.000100 0.000226 0.000364 0.000509 0.000659 0.000814 0.000971
4.830000 0.000000 0.000100 0.000226 0.000364 0.000509 0.000659 0.000814 0.000972
4.840000 0.000000 0.000100 0.000226 0.000364 0.000509 0.000660 0.000814 0.000972
4.850000 0.000000 0.000100 0.000226 0.000364 0.000509 0.000660 0.000814 0.000972
4.860000 0.000000 0.000100 0.000226 0.000364 0.000509 0.000660 0.000814 0.000972
4.870000 0.000000 0.000100 0.000227 0.000364 0.000509 0.000660 0.000814 0.000972
4.880000 0.000000 0.000100 0.000227 0.000364 0.000509 0.000660 0.000814 0.000972
4.890000 0.000000 0.000100 0.000227 0.000364 0.000510 0.000660 0.000814 0.000972
4.900000 0.000000 0.000100 0.000227 0.000364 0.000510 0.000660 0.000815 0.000972
4.910000 0.000000 0.000100 0.000227 0.000365 0.000510 0.000660 0.000815 0.000973
4.920000 0.000000 0.000100 0.000227 0.000365 0.000510 0.000660 0.000815 0.000973
4.930000 0.000000 0.000100 0.000227 0.000365 0.000510 0.000660 0.000815 0.000973
4.940000 0.000000 0.000100 0.000227 0.000365 0.000510 0.000660 0.000815 0.000973
4.950000 0.000000 0.000100 0.000227 0.000365 0.000510 0.000660 0.000815 0.000973
4.960000 0.000000 0.000100 0.000227 0.000365 0.000510 0.000661 0.000815 0.000973
4.970000 0.000000 0.000100 0.000227 0.000365 0.000510 0.000661 0.000815 0.000973
4.980000 0.000000 0.000100 0.000227 0.000365 0.000510 0.000661 0.000815 0.000973
4.990000 0.000000 0.000100 0.000227 0.000365 0.000510 0.000661 0.000816 0.000974
5.000000 0.000000 0.000100 0.000227 0.000365 0.000510 0.000661 0.000816 0.000974
5.010000 0.000000 0.000100 0.000227 0.000365 0.000510 0.000661 0.000816 0.000974
5.020000 0.000000 0.000100 0.000227 0.000365 0.000510 0.000661 0.000816 0.000974
5.030000 0.000000 0.000100 0.000227 0.000365 0.000510 0.000661 0.000816 0.000974
5.040000 0.000000 0.000100 0.000227 0.000365 0.000511 0.000661 0.000816 0.000974
5.050000 0.000000 0.000100 0.000227 0.000365 0.000511 0.000661 0.000816 0.000974
5.060000 0.000000 0.000100 0.000227 0.000365 0.000511 0.000661 0.000816 0.000974
5.070000 0.000000 0.000100 0.000227 0.000365 0.000511 0.000661 0.000816 0.000975
5.080000 0.000000 0.000100 0.000227 0.000365 0.000511 0.000662 0.000816 0.000975
5.090000 0.000000 0.000100 0.000227 0.000365 0.000511 0.000662 0.000817 0.000975
5.100000 0.000000 0.000100 0.000227 0.000365 0.000511 0.000662 0.000817 0.000975
5.110000 0.000000 0.000100 0.000227 0.000365 0.000511 0.000662 0.000817 0.000975
5.120000 0.000000 0.000100 0.000227 0.000365 0.000511 0.000662 0.000817 0.000975
5.130000 0.000000 0.000100 0.000227 0.000366 0.000511 0.000662 0.000817 0.000975
5.140000 0.000000 0.000100 0.000227 0.000366 0.000511 0.000662 0.000817 0.000975
5.150000 0.000000 0.000100 0.000227 0.000366 0.000511 0.000662 0.000817 0.000976
5.160000 0.000000 0.000100 0.000227 0.000366 0.000511 0.000662 0.000817 0.000976
5.170000 0.000000 0.000100 0.000227 0.000366 0.000511 0.000662 0.000817 0.000976
5.180000 0.000000 0.000100 0.000227 0.000366 0.000511 0.000662 0.000818 0.000976
5.190000 0.000000 0.000100 0.000227 0.000366 0.000512 0.000662 0.000818 0.000976
5.200000 0.000000 0.000100 0.000227 0.000366 0.000512 0.000663 0.000818 0.000976
5.210000 0.000000 0.000100 0.000227 0.000366 0.000512 0.000663 0.000818 0.000976
5.220000 0.000000 0.000100 0.000228 0.000366 0.000512 0.000663 0.000818 0.000976
5.230000 0.000000 0.000100 0.000228 0.000366 0.000512 0.000663 0.000818 0.000977
5.240000 0.000000 0.000100 0.000228 0.000366 0.000512 0.000663 0.000818 0.000977
5.250000 0.000000 0.000100 0.000228 0.000366 0.000512 0.000663 0.000818 0.000977
5.260000 0.000000 0.000100 0.000228 0.000366 0.000512 0.000663 0.000818 0.000977
5.270000 0.000000 0.000100 0.000228 0.000366 0.000512 0.000663 0.000818 0.000977
5.280000 0.000000 0.000100 0.000228 0.000366 0.000512 0.000663 0.000819 0.000977
5.290000 0.000000 0.000100 0.000228 0.000366 0.000512 0.000663 0.000819 0.000977
5.300000 0.000000 0.000100 0.000228 0.000366 0.000512 0.000663 0.000819 0.000977
5.310000 0.000000 0.000100 0.000228 0.000366 0.000512 0.000664 0.000819 0.000978
5.320000 0.000000 0.000100 0.000228 0.000366 0.000512 0.000664 0.000819 0.000978
5.330000 0.000000 0.000100 0.000228 0.000366 0.000512 0.000664 0.000819 0.000978
5.340000 0.000000 0.000100 0.000228 0.000367 0.000512 0.000664 0.000819 0.000978
5.350000 0.000000 0.000100 0.000228 0.000367 0.000513 0.000664 0.000819 0.000978
5.360000 0.000000 0.000100 0.000228 0.000367 0.000513 0.000664 0.000819 0.000978
5.370000 0.000000 0.000100 0.000228 0.000367 0.000513 0.000664 0.000819 0.000978
5.380000 0.000000 0.000101 0.000228 0.000367 0.000513 0.000664 0.000820 0.000978
5.390000 0.000000 0.000101 0.000228 0.000367 0.000513 0.000664 0.000820 0.000979
5.400000 0.000000 0.000101 0.000228 0.000367 0.000513 0.000664 0.000820 0.000979
5.410000 0.000000 0.000101 0.000228 0.000367 0.000513 0.000664 0.000820 0.000979
5.420000 0.000000 0.000101 0.000228 0.000367 0.000513 0.000664 0.000820 0.000979
5.430000 0.000000 0.000101 0.000228 0.000367 0.000513 0.000665 0.000820 0.000979
5.440000 0.000000 0.000101 0.000228 0.000367 0.000513 0.000665 0.000820 0.000979
5.450000 0.000000 0.000101 0.000228 0.000367 0.000513 0.000665 0.000820 0.000979
5.460000 0.000000 0.000101 0.000228 0.000367 0.000513 0.000665 0.000820 0.000979
5.470000 0.000000 0.000101 0.000228 0.000367 0.000513 0.000665 0.000821 0.000980
5.480000 0.000000 0.000101 0.000228 0.000367 0.000513 0.000665 0.000821 0.000980
5.490000 0.000000 0.000101 0.000228 0.000367 0.000513 0.000665 0.000821 0.000980
5.500000 0.000000 0.000101 0.000228 0.000367 0.000514 0.000665 0.000821 0.000980
5.510000 0.000000 0.000101 0.000228 0.000367 0.000514 0.000665 0.000821 0.000980
5.520000 0.000000 0.000101 0.000228 0.000367 0.000514 0.000665 0.000821 0.000980
5.530000 0.000000 0.000101 0.000228 0.000367 0.000514 0.000665 0.000821 0.000980
5.540000 0.000000 0.000101 0.000228 0.000367 0.000514 0.000665 0.000821 0.000980
5.550000 0.000000 0.000101 0.000228 0.000368 0.000514 0.000666 0.000821 0.000981
5.560000 0.000000 0.000101 0.000229 0.000368 0.000514 0.000666 0.000821 0.000981
5.570000 0.000000 0.000101 0.000229 0.000368 0.000514 0.000666 0.000822 0.000981
5.580000 0.000000 0.000101 0.000229 0.000368 0.000514 0.000666 0.000822 0.000981
5.590000 0.000000 0.000101 0.000229 0.000368 0.000514 0.000666 0.000822 0.000981
5.600000 0.000000 0.000101 0.000229 0.000368 0.000514 0.000666 0.000822 0.000981
5.610000 0.000000 0.000101 0.000229 0.000368 0.000514 0.000666 0.000822 0.000981
5.620000 0.000000 0.000101 0.000229 0.000368 0.000514 0.000666 0.000822 0.000981
5.630000 0.000000 0.000101 0.000229 0.000368 0.000514 0.000666 0.000822 0.000982
5.640000 0.000000 0.000101 0.000229 0.000368 0.000514 0.000666 0.000822 0.000982
5.650000 0.000000 0.000101 0.000229 0.000368 0.000514 0.000666 0.000822 0.000982
5.660000 0.000000 0.000101 0.000229 0.000368 0.000515 0.000666 0.000823 0.000982
5.670000 0.000000 0.000101 0.000229 0.000368 0.000515 0.000667 0.000823 0.000982
5.680000 0.000000 0.000101 0.000229 0.000368 0.000515 0.000667 0.000823 0.000982
5.690000 0.000000 0.000101 0.000229 0.000368 0.000515 0.000667 0.000823 0.000982
5.700000 0.000000 0.000101 0.000229 0.000368 0.000515 0.000667 0.000823 0.000982
5.710000 0.000000 0.000101 0.000229 0.000368 0.000515 0.000667 0.000823 0.000983
5.720000 0.000000 0.000101 0.000229 0.000368 0.000515 0.000667 0.000823 0.000983
5.730000 0.000000 0.000101 0.000229 0.000368 0.000515 0.000667 0.000823 0.000983
5.740000 0.000000 0.000101 0.000229 0.000368 0.000515 0.000667 0.000823 0.000983
5.750000 0.000000 0.000101 0.000229 0.000368 0.000515 0.000667 0.000823 0.000983
5.760000 0.000000 0.000101 0.000229 0.000368 0.000515 0.000667 0.000824 0.000983
5.770000 0.000000 0.000101 0.000229 0.000369 0.000515 0.000667 0.000824 0.000983
5.780000 0.000000 0.000101 0.000229 0.000369 0.000515 0.000667 0.000824 0.000983
5.790000 0.000000 0.000101 0.000229 0.000369 0.000515 0.000668 0.000824 0.000984
5.800000 0.000000 0.000101 0.000229 0.000369 0.000515 0.000668 0.000824 0.000984
5.810000 0.000000 0.000101 0.000229 0.000369 0.000516 0.000668 0.000824 0.000984
5.820000 0.000000 0.000101 0.000229 0.000369 0.000516 0.000668 0.000824 0.000984
5.830000 0.000000 0.000101 0.000229 0.000369 0.000516 0.000668 0.000824 0.000984
5.840000 0.000000 0.000101 0.000229 0.000369 0.000516 0.000668 0.000824 0.000984
5.850000 0.000000 0.000101 0.000229 0.000369 0.000516 0.000668 0.000824 0.000984
5.860000 0.000000 0.000101 0.000229 0.000369 0.000516 0.000668 0.000825 0.000984
5.870000 0.000000 0.000101 0.000229 0.000369 0.000516 0.000668 0.000825 0.000985
5.880000 0.000000 0.000101 0.000229 0.000369 0.000516 0.000668 0.000825 0.000985
5.890000 0.000000 0.000101 0.000229 0.000369 0.000516 0.000668 0.000825 0.000985
5.900000 0.000000 0.000101 0.000229 0.000369 0.000516 0.000668 0.000825 0.000985
5.910000 0.000000 0.000101 0.000230 0.000369 0.000516 0.000669 0.000825 0.000985
5.920000 0.000000 0.000101 0.000230 0.000369 0.000516 0.000669 0.000825 0.000985
5.930000 0.000000 0.000101 0.000230 0.000369 0.000516 0.000669 0.000825 0.000985
5.940000 0.000000 0.000101 0.000230 0.000369 0.000516 0.000669 0.000825 0.000985
5.950000 0.000000 0.000101 0.000230 0.000369 0.000516 0.000669 0.000826 0.000986
5.960000 0.000000 0.000101 0.000230 0.000369 0.000517 0.000669 0.000826 0.000986
5.970000 0.000000 0.000101 0.000230 0.000369 0.000517 0.000669 0.000826 0.000986
5.980000 0.000000 0.000101 0.000230 0.000370 0.000517 0.000669 0.000826 0.000986
5.990000 0.000000 0.000101 0.000230 0.000370 0.000517 0.000669 0.000826 0.000986
6.000000 0.000000 0.000101 0.000230 0.000370 0.000517 0.000669 0.000826 0.000986
6.010000 0.000000 0.000101 0.000230 0.000370 0.000517 0.000669 0.000826 0.000986
6.020000 0.000000 0.000101 0.000230 0.000370 0.000517 0.000669 0.000826 0.000986
6.030000 0.000000 0.000101 0.000230 0.000370 0.000517 0.000670 0.000826 0.000986
6.040000 0.000000 0.000101 0.000230 0.000370 0.000517 0.000670 0.000826 0.000987
6.050000 0.000000 0.000101 0.000230 0.000370 0.000517 0.000670 0.000827 0.000987
6.060000 0.000000 0.000101 0.000230 0.000370 0.000517 0.000670 0.000827 0.000987
6.070000 0.000000 0.000101 0.000230 0.000370 0.000517 0.000670 0.000827 0.000987
6.080000 0.000000 0.000101 0.000230 0.000370 0.000517 0.000670 0.000827 0.000987
6.090000 0.000000 0.000101 0.000230 0.000370 0.000517 0.000670 0.000827 0.000987
6.100000 0.000000 0.000101 0.000230 0.000370 0.000517 0.000670 0.000827 0.000987
6.110000 0.000000 0.000101 0.000230 0.000370 0.000517 0.000670 0.000827 0.000987
6.120000 0.000000 0.000101 0.000230 0.000370 0.000518 0.000670 0.000827 0.000988
6.130000 0.000000 0.000101 0.000230 0.000370 0.000518 0.000670 0.000827 0.000988
6.140000 0.000000 0.000101 0.000230 0.000370 0.000518 0.000671 0.000828 0.000988
6.150000 0.000000 0.000101 0.000230 0.000370 0.000518 0.000671 0.000828 0.000988
6.160000 0.000000 0.000102 0.000230 0.000370 0.000518 0.000671 0.000828 0.000988
6.170000 0.000000 0.000102 0.000230 0.000370 0.000518 0.000671 0.000828 0.000988
6.180000 0.000000 0.000102 0.000230 0.000370 0.000518 0.000671 0.000828 0.000988
6.190000 0.000000 0.000102 0.000230 0.000370 0.000518 0.000671 0.000828 0.000988
6.200000 0.000000 0.000102 0.000230 0.000371 0.000518 0.000671 0.000828 0.000989
6.210000 0.000000 0.000102 0.000230 0.000371 0.000518 0.000671 0.000828 0.000989
6.220000 0.000000 0.000102 0.000230 0.000371 0.000518 0.000671 0.000828 0.000989
6.230000 0.000000 0.000102 0.000230 0.000371 0.000518 0.000671 0.000828 0.000989
6.240000 0.000000 0.000102 0.000230 0.000371 0.000518 0.000671 0.000829 0.000989
6.250000 0.000000 0.000102 0.000231 0.000371 0.000518 0.000671 0.000829 0.000989
6.260000 0.000000 0.000102 0.000231 0.000371 0.000518 0.000672 0.000829 0.000989
6.270000 0.000000 0.000102 0.000231 0.000371 0.000519 0.000672 0.000829 0.000989
6.280000 0.000000 0.000102 0.000231 0.000371 0.000519 0.000672 0.000829 0.000990
6.290000 0.000000 0.000102 0.000231 0.000371 0.000519 0.000672 0.000829 0.000990
6.300000 0.000000 0.000102 0.000231 0.000371 0.000519 0.000672 0.000829 0.000990
6.310000 0.000000 0.000102 0.000231 0.000371 0.000519 0.000672 0.000829 0.000990
6.320000 0.000000 0.000102 0.000231 0.000371 0.000519 0.000672 0.000829 0.000990
6.330000 0.000000 0.000102 0.000231 0.000371 0.000519 0.000672 0.000829 0.000990
6.340000 0.000000 0.000102 0.000231 0.000371 0.000519 0.000672 0.000830 0.000990
6.350000 0.000000 0.000102 0.000231 0.000371 0.000519 0.000672 0.000830 0.000990
6.360000 0.000000 0.000102 0.000231 0.000371 0.000519 0.000672 0.000830 0.000991
6.370000 0.000000 0.000102 0.000231 0.000371 0.000519 0.000672 0.000830 0.000991
6.380000 0.000000 0.000102 0.000231 0.000371 0.000519 0.000673 0.000830 0.000991
6.390000 0.000000 0.000102 0.000231 0.000371 0.000519 0.000673 0.000830 0.000991
6.400000 0.000000 0.000102 0.000231 0.000371 0.000519 0.000673 0.000830 0.000991
6.410000 0.000000 0.000102 0.000231 0.000372 0.000519 0.000673 0.000830 0.000991
6.420000 0.000000 0.000102 0.000231 0.000372 0.000520 0.000673 0.000830 0.000991
6.430000 0.000000 0.000102 0.000231 0.000372 0.000520 0.000673 0.000831 0.000991
6.440000 0.000000 0.000102 0.000231 0.000372 0.000520 0.000673 0.000831 0.000992
6.450000 0.000000 0.000102 0.000231 0.000372 0.000520 0.000673 0.000831 0.000992
6.460000 0.000000 0.000102 0.000231 0.000372 0.000520 0.000673 0.000831 0.000992
6.470000 0.000000 0.000102 0.000231 0.000372 0.000520 0.000673 0.000831 0.000992
6.480000 0.000000 0.000102 0.000231 0.000372 0.000520 0.000673 0.000831 0.000992
6.490000 0.000000 0.000102 0.000231 0.000372 0.000520 0.000673 0.000831 0.000992
6.500000 0.000000 0.000102 0.000231 0.000372 0.000520 0.000674 0.000831 0.000992
6.510000 0.000000 0.000102 0.000231 0.000372 0.000520 0.000674 0.000831 0.000992
6.520000 0.000000 0.000102 0.000231 0.000372 0.000520 0.000674 0.000831 0.000993
6.530000 0.000000 0.000102 0.000231 0.000372 0.000520 0.000674 0.000832 0.000993
6.540000 0.000000 0.000102 0.000231 0.000372 0.000520 0.000674 0.000832 0.000993
6.550000 0.000000 0.000102 0.000231 0.000372 0.000520 0.000674 0.000832 0.000993
6.560000 0.000000 0.000102 0.000231 0.000372 0.000520 0.000674 0.000832 0.000993
6.570000 0.000000 0.000102 0.000231 0.000372 0.000520 0.000674 0.000832 0.000993
6.580000 0.000000 0.000102 0.000231 0.000372 0.000521 0.000674 0.000832 0.000993
6.590000 0.000000 0.000102 0.000231 0.000372 0.000521 0.000674 0.000832 0.000993
6.600000 0.000000 0.000102 0.000232 0.000372 0.000521 0.000674 0.000832 0.000994
6.610000 0.000000 0.000102 0.000232 0.000372 0.000521 0.000674 0.000832 0.000994
6.620000 0.000000 0.000102 0.000232 0.000372 0.000521 0.000675 0.000833 0.000994
6.630000 0.000000 0.000102 0.000232 0.000373 0.000521 0.000675 0.000833 0.000994
6.640000 0.000000 0.000102 0.000232 0.000373 0.000521 0.000675 0.000833 0.000994
6.650000 0.000000 0.000102 0.000232 0.000373 0.000521 0.000675 0.000833 0.000994
6.660000 0.000000 0.000102 0.000232 0.000373 0.000521 0.000675 0.000833 0.000994
6.670000 0.000000 0.000102 0.000232 0.000373 0.000521 0.000675 0.000833 0.000994
6.680000 0.000000 0.000102 0.000232 0.000373 0.000521 0.000675 0.000833 0.000995
6.690000 0.000000 0.000102 0.000232 0.000373 0.000521 0.000675 0.000833 0.000995
6.700000 0.000000 0.000102 0.000232 0.000373 0.000521 0.000675 0.000833 0.000995
6.710000 0.000000 0.000102 0.000232 0.000373 0.000521 0.000675 0.000833 0.000995
6.720000 0.000000 0.000102 0.000232 0.000373 0.000521 0.000675 0.000834 0.000995
6.730000 0.000000 0.000102 0.000232 0.000373 0.000522 0.000675 0.000834 0.000995
6.740000 0.000000 0.000102 0.000232 0.000373 0.000522 0.000676 0.000834 0.000995
6.750000 0.000000 0.000102 0.000232 0.000373 0.000522 0.000676 0.000834 0.000995
6.760000 0.000000 0.000102 0.000232 0.000373 0.000522 0.000676 0.000834 0.000996
6.770000 0.000000 0.000102 0.000232 0.000373 0.000522 0.000676 0.000834 0.000996
6.780000 0.000000 0.000102 0.000232 0.000373 0.000522 0.000676 0.000834 0.000996
6.790000 0.000000 0.000102 0.000232 0.000373 0.000522 0.000676 0.000834 0.000996
6.800000 0.000000 0.000102 0.000232 0.000373 0.000522 0.000676 0.000834 0.000996
6.810000 0.000000 0.000102 0.000232 0.000373 0.000522 0.000676 0.000834 0.000996
6.820000 0.000000 0.000102 0.000232 0.000373 0.000522 0.000676 0.000835 0.000996
6.830000 0.000000 0.000102 0.000232 0.000373 0.000522 0.000676 0.000835 0.000996
6.840000 0.000000 0.000102 0.000232 0.000374 0.000522 0.000676 0.000835 0.000997
6.850000 0.000000 0.000102 0.000232 0.000374 0.000522 0.000676 0.000835 0.000997
6.860000 0.000000 0.000102 0.000232 0.000374 0.000522 0.000677 0.000835 0.000997
6.870000 0.000000 0.000102 0.000232 0.000374 0.000522 0.000677 0.000835 0.000997
6.880000 0.000000 0.000102 0.000232 0.000374 0.000523 0.000677 0.000835 0.000997
6.890000 0.000000 0.000102 0.000232 0.000374 0.000523 0.000677 0.000835 0.000997
6.900000 0.000000 0.000102 0.000232 0.000374 0.000523 0.000677 0.000835 0.000997
6.910000 0.000000 0.000102 0.000232 0.000374 0.000523 0.000677 0.000836 0.000997
6.920000 0.000000 0.000102 0.000232 0.000374 0.000523 0.000677 0.000836 0.000998
6.930000 0.000000 0.000102 0.000232 0.000374 0.000523 0.000677 0.000836 0.000998
6.940000 0.000000 0.000102 0.000233 0.000374 0.000523 0.000677 0.000836 0.000998
6.950000 0.000000 0.000103 0.000233 0.000374 0.000523 0.000677 0.000836 0.000998
6.960000 0.000000 0.000103 0.000233 0.000374 0.000523 0.000677 0.000836 0.000998
6.970000 0.000000 0.000103 0.000233 0.000374 0.000523 0.000678 0.000836 0.000998
6.980000 0.000000 0.000103 0.000233 0.000374 0.000523 0.000678 0.000836 0.000998
6.990000 0.000000 0.000103 0.000233 0.000374 0.000523 0.000678 0.000836 0.000998
7.000000 0.000000 0.000103 0.000233 0.000374 0.000523 0.000678 0.000836 0.000999
